340087.73 360973.66 40.43
340087.73 360883.66 41.83
340087.73 360793.66 43.90
340087.73 360703.66 45.95
340177.73 361153.66 39.07
340177.73 361063.66 40.93
340177.73 360973.66 42.57
340177.73 360883.66 44.13
340177.73 360793.66 45.80
340177.73 360703.66 47.52
340177.73 360613.66 52.01
340177.73 360523.66 56.10
340267.73 361243.66 37.75
340267.73 361153.66 39.86
340267.73 361063.66 41.89
340267.73 360973.66 43.90
340267.73 360883.66 46.21
340267.73 360793.66 48.00
340267.73 360703.66 49.51
340267.73 360613.66 53.76
340267.73 360523.66 57.42
340267.73 360433.66 59.86
340357.73 361423.66 37.63
340357.73 361333.66 37.38
340357.73 361243.66 38.03
340357.73 361153.66 40.65
340357.73 361063.66 42.82
340357.73 360973.66 44.88
340357.73 360883.66 47.35
340357.73 360793.66 49.37
340357.73 360703.66 51.51
340357.73 360613.66 55.69
340357.73 360523.66 58.95
340357.73 360433.66 61.55
340357.73 360343.66 66.01
340357.73 360253.66 70.35
340447.73 361603.66 37.55
340447.73 361513.66 37.76
340447.73 361423.66 38.06
340447.73 361333.66 38.12
340447.73 361243.66 39.04
340447.73 361153.66 41.74
340447.73 361063.66 44.31
340447.73 360973.66 46.61
340447.73 360883.66 48.91
340447.73 360793.66 50.98
340447.73 360703.66 53.76
340447.73 360613.66 58.68
340447.73 360523.66 61.93
340447.73 360433.66 64.79
340447.73 360343.66 68.67
340447.73 360253.66 73.42
340447.73 360163.66 77.17
340537.73 361783.66 48.80
340537.73 361693.66 40.20
340537.73 361603.66 42.24
340537.73 361513.66 41.84
340537.73 361423.66 39.68
340537.73 361333.66 39.32
340537.73 361243.66 41.14
340537.73 361153.66 43.87
340537.73 361063.66 46.69
340537.73 360973.66 49.47
340537.73 360883.66 52.18
340537.73 360793.66 54.55
340537.73 360703.66 57.50
340537.73 360613.66 73.02
340537.73 360523.66 75.16
340537.73 360433.66 71.93
340537.73 360343.66 73.76
340537.73 360253.66 78.28
340537.73 360163.66 83.25
340537.73 360073.66 86.86
340627.73 361873.66 68.14
340627.73 361783.66 51.07
340627.73 361693.66 40.24
340627.73 361603.66 55.48
340627.73 361513.66 60.25
340627.73 361423.66 50.53
340627.73 361333.66 43.24
340627.73 361243.66 43.52
340627.73 361153.66 46.02
340627.73 361063.66 48.25
340627.73 360973.66 51.80
340627.73 360883.66 55.56
340627.73 360793.66 58.16
340627.73 360703.66 61.11
340627.73 360613.66 86.23
340627.73 360523.66 88.40
340627.73 360433.66 79.94
340627.73 360343.66 80.03
340627.73 360253.66 84.49
340627.73 360163.66 91.23
340627.73 360073.66 96.36
340627.73 359983.66 98.23
340717.73 362053.66 62.67
340717.73 361963.66 54.25
340717.73 361873.66 54.91
340717.73 361783.66 47.76
340717.73 361693.66 43.51
340717.73 361603.66 66.59
340717.73 361513.66 84.10
340717.73 361423.66 67.73
340717.73 361333.66 48.23
340717.73 361243.66 44.58
340717.73 361153.66 47.05
340717.73 361063.66 49.31
340717.73 360973.66 53.34
340717.73 360883.66 57.11
340717.73 360793.66 59.70
340717.73 360703.66 63.01
340717.73 360613.66 77.09
340717.73 360523.66 81.65
340717.73 360433.66 80.96
340717.73 360343.66 84.22
340717.73 360253.66 89.36
340717.73 360163.66 97.10
340717.73 360073.66 102.75
340717.73 359983.66 105.44
340717.73 359893.66 106.13
340807.73 362233.66 96.18
340807.73 362143.66 82.65
340807.73 362053.66 61.08
340807.73 361963.66 50.79
340807.73 361873.66 48.66
340807.73 361783.66 46.17
340807.73 361693.66 45.78
340807.73 361603.66 62.99
340807.73 361513.66 76.71
340807.73 361423.66 62.32
340807.73 361333.66 47.09
340807.73 361243.66 44.79
340807.73 361153.66 47.70
340807.73 361063.66 50.68
340807.73 360973.66 54.53
340807.73 360883.66 57.92
340807.73 360793.66 61.02
340807.73 360703.66 65.06
340807.73 360613.66 70.58
340807.73 360523.66 75.26
340807.73 360433.66 79.93
340807.73 360343.66 86.39
340807.73 360253.66 93.25
340807.73 360163.66 100.19
340807.73 360073.66 106.69
340807.73 359983.66 111.46
340807.73 359893.66 113.86
340807.73 359803.66 127.47
340897.73 362323.66 90.60
340897.73 362233.66 75.11
340897.73 362143.66 69.82
340897.73 362053.66 58.70
340897.73 361963.66 50.53
340897.73 361873.66 47.31
340897.73 361783.66 45.09
340897.73 361693.66 44.42
340897.73 361603.66 51.57
340897.73 361513.66 51.80
340897.73 361423.66 45.55
340897.73 361333.66 44.36
340897.73 361243.66 45.59
340897.73 361153.66 48.07
340897.73 361063.66 51.44
340897.73 360973.66 54.97
340897.73 360883.66 58.80
340897.73 360793.66 62.48
340897.73 360703.66 66.51
340897.73 360613.66 73.22
340897.73 360523.66 78.58
340897.73 360433.66 82.16
340897.73 360343.66 86.81
340897.73 360253.66 94.75
340897.73 360163.66 102.92
340897.73 360073.66 109.48
340897.73 359983.66 117.66
340897.73 359893.66 126.96
340897.73 359803.66 139.48
340897.73 359713.66 163.92
340987.73 362503.66 69.99
340987.73 362413.66 87.05
340987.73 362323.66 80.66
340987.73 362233.66 63.85
340987.73 362143.66 56.23
340987.73 362053.66 53.92
340987.73 361963.66 50.22
340987.73 361873.66 46.66
340987.73 361783.66 45.60
340987.73 361693.66 46.17
340987.73 361603.66 47.01
340987.73 361513.66 45.45
340987.73 361423.66 44.08
340987.73 361333.66 45.74
340987.73 361243.66 46.90
340987.73 361153.66 48.57
340987.73 361063.66 51.29
340987.73 360973.66 55.42
340987.73 360883.66 60.08
340987.73 360793.66 63.99
340987.73 360703.66 67.74
340987.73 360613.66 74.75
340987.73 360523.66 81.17
340987.73 360433.66 86.58
340987.73 360343.66 90.25
340987.73 360253.66 96.44
340987.73 360163.66 105.15
340987.73 360073.66 112.38
340987.73 359983.66 124.54
340987.73 359893.66 139.67
340987.73 359803.66 151.15
340987.73 359713.66 170.31
340987.73 359623.66 200.68
341077.73 362683.66 50.61
341077.73 362593.66 54.62
341077.73 362503.66 67.48
341077.73 362413.66 77.34
341077.73 362323.66 70.76
341077.73 362233.66 58.48
341077.73 362143.66 52.16
341077.73 362053.66 50.98
341077.73 361963.66 49.26
341077.73 361873.66 47.52
341077.73 361783.66 49.66
341077.73 361693.66 54.38
341077.73 361603.66 50.36
341077.73 361513.66 45.47
341077.73 361423.66 44.40
341077.73 361333.66 46.88
341077.73 361243.66 48.91
341077.73 361153.66 49.86
341077.73 361063.66 51.24
341077.73 360973.66 55.50
341077.73 360883.66 60.62
341077.73 360793.66 64.86
341077.73 360703.66 69.38
341077.73 360613.66 76.90
341077.73 360523.66 83.20
341077.73 360433.66 89.15
341077.73 360343.66 95.31
341077.73 360253.66 101.19
341077.73 360163.66 108.66
341077.73 360073.66 116.83
341077.73 359983.66 129.00
341077.73 359893.66 148.36
341077.73 359803.66 162.74
341077.73 359713.66 181.44
341077.73 359623.66 207.93
341077.73 359533.66 243.07
341167.73 362863.66 75.62
341167.73 362773.66 61.68
341167.73 362683.66 54.91
341167.73 362593.66 58.04
341167.73 362503.66 62.15
341167.73 362413.66 67.25
341167.73 362323.66 65.30
341167.73 362233.66 56.50
341167.73 362143.66 51.81
341167.73 362053.66 49.36
341167.73 361963.66 48.18
341167.73 361873.66 50.21
341167.73 361783.66 60.15
341167.73 361693.66 69.93
341167.73 361603.66 54.92
341167.73 361513.66 45.40
341167.73 361423.66 45.25
341167.73 361333.66 48.66
341167.73 361243.66 51.52
341167.73 361153.66 52.67
341167.73 361063.66 53.13
341167.73 360973.66 55.31
341167.73 360883.66 58.73
341167.73 360793.66 62.16
341167.73 360703.66 66.14
341167.73 360613.66 75.04
341167.73 360523.66 82.02
341167.73 360433.66 89.71
341167.73 360343.66 96.67
341167.73 360253.66 104.17
341167.73 360163.66 113.74
341167.73 360073.66 123.13
341167.73 359983.66 134.67
341167.73 359893.66 156.42
341167.73 359803.66 171.60
341167.73 359713.66 189.23
341167.73 359623.66 214.65
341167.73 359533.66 248.19
341167.73 359443.66 286.99
341257.73 362953.66 79.63
341257.73 362863.66 82.22
341257.73 362773.66 67.70
341257.73 362683.66 60.80
341257.73 362593.66 59.33
341257.73 362503.66 57.88
341257.73 362413.66 60.38
341257.73 362323.66 62.95
341257.73 362233.66 58.38
341257.73 362143.66 51.70
341257.73 362053.66 50.04
341257.73 361963.66 51.60
341257.73 361873.66 56.32
341257.73 361783.66 70.78
341257.73 361693.66 80.27
341257.73 361603.66 58.22
341257.73 361513.66 46.71
341257.73 361423.66 47.49
341257.73 361333.66 51.65
341257.73 361243.66 54.42
341257.73 361153.66 56.02
341257.73 361063.66 57.21
341257.73 360973.66 58.56
341257.73 360883.66 60.45
341257.73 360793.66 63.04
341257.73 360703.66 66.72
341257.73 360613.66 73.94
341257.73 360523.66 80.75
341257.73 360433.66 90.70
341257.73 360343.66 100.78
341257.73 360253.66 111.14
341257.73 360163.66 123.71
341257.73 360073.66 136.76
341257.73 359983.66 152.41
341257.73 359893.66 190.12
341257.73 359803.66 214.18
341257.73 359713.66 221.69
341257.73 359623.66 229.55
341257.73 359533.66 253.16
341257.73 359443.66 282.95
341257.73 359353.66 304.33
341347.73 363133.66 59.64
341347.73 363043.66 70.42
341347.73 362953.66 85.84
341347.73 362863.66 89.66
341347.73 362773.66 78.41
341347.73 362683.66 69.49
341347.73 362593.66 64.23
341347.73 362503.66 59.30
341347.73 362413.66 56.10
341347.73 362323.66 57.76
341347.73 362233.66 55.76
341347.73 362143.66 50.04
341347.73 362053.66 51.96
341347.73 361963.66 58.38
341347.73 361873.66 64.76
341347.73 361783.66 77.64
341347.73 361693.66 81.74
341347.73 361603.66 58.75
341347.73 361513.66 48.27
341347.73 361423.66 49.18
341347.73 361333.66 53.96
341347.73 361243.66 57.33
341347.73 361153.66 58.99
341347.73 361063.66 60.92
341347.73 360973.66 62.73
341347.73 360883.66 65.47
341347.73 360793.66 69.29
341347.73 360703.66 74.16
341347.73 360613.66 81.89
341347.73 360523.66 88.78
341347.73 360433.66 96.58
341347.73 360343.66 108.12
341347.73 360253.66 123.39
341347.73 360163.66 138.57
341347.73 360073.66 154.71
341347.73 359983.66 175.71
341347.73 359893.66 233.00
341347.73 359803.66 276.70
341347.73 359713.66 276.83
341347.73 359623.66 260.02
341347.73 359533.66 261.29
341347.73 359443.66 280.61
341347.73 359353.66 304.78
341347.73 359263.66 320.59
341347.73 359173.66 356.19
341437.73 363313.66 53.77
341437.73 363223.66 57.08
341437.73 363133.66 63.56
341437.73 363043.66 74.19
341437.73 362953.66 98.74
341437.73 362863.66 110.27
341437.73 362773.66 99.32
341437.73 362683.66 88.47
341437.73 362593.66 77.90
341437.73 362503.66 67.33
341437.73 362413.66 57.86
341437.73 362323.66 51.18
341437.73 362233.66 48.83
341437.73 362143.66 48.93
341437.73 362053.66 54.22
341437.73 361963.66 62.86
341437.73 361873.66 69.84
341437.73 361783.66 81.67
341437.73 361693.66 74.01
341437.73 361603.66 54.83
341437.73 361513.66 49.53
341437.73 361423.66 50.94
341437.73 361333.66 55.25
341437.73 361243.66 58.84
341437.73 361153.66 60.93
341437.73 361063.66 63.29
341437.73 360973.66 65.37
341437.73 360883.66 67.96
341437.73 360793.66 71.74
341437.73 360703.66 77.01
341437.73 360613.66 87.90
341437.73 360523.66 99.16
341437.73 360433.66 110.55
341437.73 360343.66 119.27
341437.73 360253.66 133.64
341437.73 360163.66 151.01
341437.73 360073.66 170.57
341437.73 359983.66 197.36
341437.73 359893.66 250.84
341437.73 359803.66 303.02
341437.73 359713.66 312.86
341437.73 359623.66 294.43
341437.73 359533.66 282.55
341437.73 359443.66 299.09
341437.73 359353.66 325.05
341437.73 359263.66 347.69
341437.73 359173.66 370.09
341437.73 359083.66 405.93
341527.73 363403.66 54.67
341527.73 363313.66 59.23
341527.73 363223.66 61.83
341527.73 363133.66 65.44
341527.73 363043.66 74.56
341527.73 362953.66 94.11
341527.73 362863.66 108.07
341527.73 362773.66 107.45
341527.73 362683.66 95.58
341527.73 362593.66 83.35
341527.73 362503.66 73.69
341527.73 362413.66 61.21
341527.73 362323.66 51.85
341527.73 362233.66 49.62
341527.73 362143.66 51.14
341527.73 362053.66 56.20
341527.73 361963.66 63.99
341527.73 361873.66 69.64
341527.73 361783.66 77.60
341527.73 361693.66 61.27
341527.73 361603.66 50.29
341527.73 361513.66 50.97
341527.73 361423.66 53.44
341527.73 361333.66 57.02
341527.73 361243.66 60.14
341527.73 361153.66 62.53
341527.73 361063.66 65.37
341527.73 360973.66 68.08
341527.73 360883.66 70.53
341527.73 360793.66 73.87
341527.73 360703.66 79.44
341527.73 360613.66 89.87
341527.73 360523.66 103.08
341527.73 360433.66 118.53
341527.73 360343.66 129.79
341527.73 360253.66 145.51
341527.73 360163.66 165.03
341527.73 360073.66 190.01
341527.73 359983.66 221.16
341527.73 359893.66 282.52
341527.73 359803.66 333.37
341527.73 359713.66 346.97
341527.73 359623.66 328.68
341527.73 359533.66 313.90
341527.73 359443.66 326.52
341527.73 359353.66 348.35
341527.73 359263.66 372.98
341527.73 359173.66 398.26
341527.73 359083.66 432.21
341527.73 358993.66 476.36
341617.73 363583.66 52.54
341617.73 363493.66 54.94
341617.73 363403.66 56.82
341617.73 363313.66 58.16
341617.73 363223.66 59.68
341617.73 363133.66 63.56
341617.73 363043.66 68.99
341617.73 362953.66 77.12
341617.73 362863.66 85.76
341617.73 362773.66 90.47
341617.73 362683.66 80.51
341617.73 362593.66 72.98
341617.73 362503.66 69.55
341617.73 362413.66 58.55
341617.73 362323.66 51.49
341617.73 362233.66 51.11
341617.73 362143.66 53.51
341617.73 362053.66 58.59
341617.73 361963.66 64.27
341617.73 361873.66 68.98
341617.73 361783.66 70.60
341617.73 361693.66 57.16
341617.73 361603.66 50.95
341617.73 361513.66 52.59
341617.73 361423.66 54.87
341617.73 361333.66 58.25
341617.73 361243.66 61.40
341617.73 361153.66 63.92
341617.73 361063.66 66.80
341617.73 360973.66 69.81
341617.73 360883.66 72.48
341617.73 360793.66 75.99
341617.73 360703.66 81.34
341617.73 360613.66 93.65
341617.73 360523.66 105.94
341617.73 360433.66 118.07
341617.73 360343.66 132.38
341617.73 360253.66 153.58
341617.73 360163.66 179.22
341617.73 360073.66 211.34
341617.73 359983.66 250.21
341617.73 359893.66 324.38
341617.73 359803.66 376.50
341617.73 359713.66 382.88
341617.73 359623.66 369.03
341617.73 359533.66 356.43
341617.73 359443.66 352.08
341617.73 359353.66 381.39
341617.73 359263.66 410.29
341617.73 359173.66 442.32
341617.73 359083.66 472.13
341617.73 358993.66 513.74
341617.73 358903.66 556.79
341707.73 363763.66 54.02
341707.73 363673.66 53.32
341707.73 363583.66 51.96
341707.73 363493.66 54.08
341707.73 363403.66 54.80
341707.73 363313.66 54.93
341707.73 363223.66 57.84
341707.73 363133.66 61.23
341707.73 363043.66 62.46
341707.73 362953.66 66.29
341707.73 362863.66 73.55
341707.73 362773.66 74.09
341707.73 362683.66 69.02
341707.73 362593.66 63.93
341707.73 362503.66 61.13
341707.73 362413.66 55.14
341707.73 362323.66 51.74
341707.73 362233.66 53.28
341707.73 362143.66 56.64
341707.73 362053.66 62.39
341707.73 361963.66 65.30
341707.73 361873.66 68.58
341707.73 361783.66 62.55
341707.73 361693.66 53.66
341707.73 361603.66 52.02
341707.73 361513.66 54.19
341707.73 361423.66 56.57
341707.73 361333.66 59.08
341707.73 361243.66 62.70
341707.73 361153.66 65.50
341707.73 361063.66 68.12
341707.73 360973.66 71.02
341707.73 360883.66 74.07
341707.73 360793.66 78.03
341707.73 360703.66 82.86
341707.73 360613.66 95.42
341707.73 360523.66 110.06
341707.73 360433.66 123.93
341707.73 360343.66 137.90
341707.73 360253.66 156.31
341707.73 360163.66 182.68
341707.73 360073.66 217.73
341707.73 359983.66 261.86
341707.73 359893.66 331.07
341707.73 359803.66 383.87
341707.73 359713.66 404.98
341707.73 359623.66 412.97
341707.73 359533.66 403.12
341707.73 359443.66 389.32
341707.73 359353.66 404.68
341707.73 359263.66 439.67
341707.73 359173.66 494.20
341707.73 359083.66 530.78
341707.73 358993.66 549.69
341707.73 358903.66 551.45
341707.73 358813.66 518.24
341797.73 363853.66 50.15
341797.73 363763.66 50.47
341797.73 363673.66 49.76
341797.73 363583.66 48.59
341797.73 363493.66 50.18
341797.73 363403.66 51.52
341797.73 363313.66 52.97
341797.73 363223.66 56.05
341797.73 363133.66 57.80
341797.73 363043.66 60.53
341797.73 362953.66 65.41
341797.73 362863.66 70.19
341797.73 362773.66 68.96
341797.73 362683.66 65.18
341797.73 362593.66 61.93
341797.73 362503.66 57.53
341797.73 362413.66 53.60
341797.73 362323.66 52.88
341797.73 362233.66 55.94
341797.73 362143.66 60.35
341797.73 362053.66 67.71
341797.73 361963.66 67.75
341797.73 361873.66 65.10
341797.73 361783.66 56.54
341797.73 361693.66 52.23
341797.73 361603.66 53.45
341797.73 361513.66 55.91
341797.73 361423.66 58.08
341797.73 361333.66 60.27
341797.73 361243.66 64.13
341797.73 361153.66 67.20
341797.73 361063.66 69.96
341797.73 360973.66 72.99
341797.73 360883.66 75.95
341797.73 360793.66 79.40
341797.73 360703.66 83.83
341797.73 360613.66 94.70
341797.73 360523.66 110.52
341797.73 360433.66 126.83
341797.73 360343.66 147.10
341797.73 360253.66 166.30
341797.73 360163.66 186.40
341797.73 360073.66 211.71
341797.73 359983.66 241.25
341797.73 359893.66 297.35
341797.73 359803.66 347.48
341797.73 359713.66 396.73
341797.73 359623.66 442.62
341797.73 359533.66 451.09
341797.73 359443.66 442.68
341797.73 359353.66 439.22
341797.73 359263.66 463.14
341797.73 359173.66 531.78
341797.73 359083.66 562.61
341797.73 358993.66 549.06
341797.73 358903.66 519.34
341797.73 358813.66 479.63
341797.73 358723.66 436.87
341887.73 363943.66 47.29
341887.73 363853.66 47.26
341887.73 363763.66 46.56
341887.73 363673.66 47.83
341887.73 363583.66 49.88
341887.73 363493.66 52.07
341887.73 363403.66 53.65
341887.73 363313.66 55.24
341887.73 363223.66 55.43
341887.73 363133.66 57.89
341887.73 363043.66 62.62
341887.73 362953.66 66.47
341887.73 362863.66 69.55
341887.73 362773.66 69.10
341887.73 362683.66 63.43
341887.73 362593.66 60.78
341887.73 362503.66 56.46
341887.73 362413.66 53.96
341887.73 362323.66 54.91
341887.73 362233.66 56.99
341887.73 362143.66 62.86
341887.73 362053.66 71.97
341887.73 361963.66 69.90
341887.73 361873.66 60.93
341887.73 361783.66 55.37
341887.73 361693.66 53.45
341887.73 361603.66 54.56
341887.73 361513.66 57.02
341887.73 361423.66 59.29
341887.73 361333.66 62.27
341887.73 361243.66 65.65
341887.73 361153.66 68.81
341887.73 361063.66 71.98
341887.73 360973.66 75.08
341887.73 360883.66 77.88
341887.73 360793.66 81.32
341887.73 360703.66 85.22
341887.73 360613.66 94.18
341887.73 360523.66 108.36
341887.73 360433.66 126.44
341887.73 360343.66 152.52
341887.73 360253.66 178.37
341887.73 360163.66 202.15
341887.73 360073.66 227.22
341887.73 359983.66 247.86
341887.73 359893.66 292.95
341887.73 359803.66 335.16
341887.73 359713.66 384.70
341887.73 359623.66 445.05
341887.73 359533.66 484.51
341887.73 359443.66 497.90
341887.73 359353.66 494.21
341887.73 359263.66 508.43
341887.73 359173.66 559.75
341887.73 359083.66 564.68
341887.73 358993.66 524.31
341887.73 358903.66 483.32
341887.73 358813.66 449.66
341887.73 358723.66 410.49
341887.73 358633.66 373.81
341977.73 364033.66 44.74
341977.73 363943.66 44.80
341977.73 363853.66 45.45
341977.73 363763.66 45.91
341977.73 363673.66 48.98
341977.73 363583.66 50.97
341977.73 363493.66 53.49
341977.73 363403.66 54.47
341977.73 363313.66 57.01
341977.73 363223.66 57.76
341977.73 363133.66 59.44
341977.73 363043.66 63.11
341977.73 362953.66 63.00
341977.73 362863.66 66.08
341977.73 362773.66 65.09
341977.73 362683.66 60.46
341977.73 362593.66 58.63
341977.73 362503.66 57.25
341977.73 362413.66 56.58
341977.73 362323.66 58.98
341977.73 362233.66 61.74
341977.73 362143.66 67.96
341977.73 362053.66 73.43
341977.73 361963.66 67.58
341977.73 361873.66 61.27
341977.73 361783.66 56.98
341977.73 361693.66 54.96
341977.73 361603.66 55.28
341977.73 361513.66 57.39
341977.73 361423.66 60.03
341977.73 361333.66 64.13
341977.73 361243.66 67.47
341977.73 361153.66 70.50
341977.73 361063.66 73.78
341977.73 360973.66 76.56
341977.73 360883.66 79.54
341977.73 360793.66 83.92
341977.73 360703.66 87.85
341977.73 360613.66 94.98
341977.73 360523.66 105.12
341977.73 360433.66 119.78
341977.73 360343.66 140.33
341977.73 360253.66 163.49
341977.73 360163.66 191.21
341977.73 360073.66 221.91
341977.73 359983.66 249.45
341977.73 359893.66 299.31
341977.73 359803.66 335.09
341977.73 359713.66 366.15
341977.73 359623.66 418.02
341977.73 359533.66 475.47
341977.73 359443.66 500.34
341977.73 359353.66 502.06
341977.73 359263.66 511.27
341977.73 359173.66 554.98
341977.73 359083.66 565.53
341977.73 358993.66 523.62
341977.73 358903.66 471.98
341977.73 358813.66 431.85
341977.73 358723.66 412.83
341977.73 358633.66 407.54
341977.73 358543.66 386.45
342067.73 364033.66 43.38
342067.73 363943.66 43.97
342067.73 363853.66 45.18
342067.73 363763.66 45.82
342067.73 363673.66 47.53
342067.73 363583.66 47.73
342067.73 363493.66 49.39
342067.73 363403.66 49.79
342067.73 363313.66 51.93
342067.73 363223.66 54.62
342067.73 363133.66 55.53
342067.73 363043.66 58.10
342067.73 362953.66 57.90
342067.73 362863.66 59.95
342067.73 362773.66 58.86
342067.73 362683.66 57.04
342067.73 362593.66 58.00
342067.73 362503.66 60.60
342067.73 362413.66 62.41
342067.73 362323.66 64.47
342067.73 362233.66 70.05
342067.73 362143.66 75.26
342067.73 362053.66 76.06
342067.73 361963.66 69.51
342067.73 361873.66 66.03
342067.73 361783.66 59.39
342067.73 361693.66 56.29
342067.73 361603.66 56.37
342067.73 361513.66 57.93
342067.73 361423.66 60.37
342067.73 361333.66 64.63
342067.73 361243.66 68.20
342067.73 361153.66 71.15
342067.73 361063.66 74.23
342067.73 360973.66 76.58
342067.73 360883.66 79.42
342067.73 360793.66 83.54
342067.73 360703.66 88.32
342067.73 360613.66 97.15
342067.73 360523.66 105.20
342067.73 360433.66 114.28
342067.73 360343.66 125.08
342067.73 360253.66 139.85
342067.73 360163.66 159.65
342067.73 360073.66 183.35
342067.73 359983.66 211.85
342067.73 359893.66 267.37
342067.73 359803.66 308.35
342067.73 359713.66 341.57
342067.73 359623.66 398.30
342067.73 359533.66 444.07
342067.73 359443.66 448.75
342067.73 359353.66 451.89
342067.73 359263.66 459.80
342067.73 359173.66 520.97
342067.73 359083.66 565.71
342067.73 358993.66 537.13
342067.73 358903.66 489.38
342067.73 358813.66 455.00
342067.73 358723.66 457.86
342067.73 358633.66 470.39
342067.73 358543.66 443.37
342067.73 358453.66 372.81
342157.73 364123.66 44.10
342157.73 364033.66 45.03
342157.73 363943.66 47.44
342157.73 363853.66 48.86
342157.73 363763.66 47.99
342157.73 363673.66 46.29
342157.73 363583.66 46.31
342157.73 363493.66 47.59
342157.73 363403.66 49.20
342157.73 363313.66 50.55
342157.73 363223.66 51.50
342157.73 363133.66 52.58
342157.73 363043.66 54.13
342157.73 362953.66 56.91
342157.73 362863.66 60.02
342157.73 362773.66 59.25
342157.73 362683.66 57.74
342157.73 362593.66 58.76
342157.73 362503.66 61.07
342157.73 362413.66 63.44
342157.73 362323.66 65.52
342157.73 362233.66 70.35
342157.73 362143.66 76.27
342157.73 362053.66 77.03
342157.73 361963.66 73.82
342157.73 361873.66 68.67
342157.73 361783.66 60.26
342157.73 361693.66 57.37
342157.73 361603.66 57.70
342157.73 361513.66 58.43
342157.73 361423.66 60.38
342157.73 361333.66 64.09
342157.73 361243.66 67.28
342157.73 361153.66 69.78
342157.73 361063.66 72.72
342157.73 360973.66 75.62
342157.73 360883.66 78.93
342157.73 360793.66 83.90
342157.73 360703.66 89.35
342157.73 360613.66 102.56
342157.73 360523.66 112.48
342157.73 360433.66 119.64
342157.73 360343.66 128.15
342157.73 360253.66 139.60
342157.73 360163.66 153.73
342157.73 360073.66 172.01
342157.73 359983.66 194.21
342157.73 359893.66 246.63
342157.73 359803.66 294.75
342157.73 359713.66 342.13
342157.73 359623.66 390.89
342157.73 359533.66 409.12
342157.73 359443.66 403.87
342157.73 359353.66 411.05
342157.73 359263.66 435.21
342157.73 359173.66 512.41
342157.73 359083.66 567.87
342157.73 358993.66 556.48
342157.73 358903.66 520.92
342157.73 358813.66 494.89
342157.73 358723.66 499.33
342157.73 358633.66 494.92
342157.73 358543.66 451.92
342157.73 358453.66 403.10
342157.73 358363.66 388.60
342247.73 364123.66 46.95
342247.73 364033.66 47.65
342247.73 363943.66 50.66
342247.73 363853.66 54.75
342247.73 363763.66 53.07
342247.73 363673.66 48.96
342247.73 363583.66 46.97
342247.73 363493.66 48.75
342247.73 363403.66 52.23
342247.73 363313.66 54.33
342247.73 363223.66 54.75
342247.73 363133.66 55.56
342247.73 363043.66 57.40
342247.73 362953.66 61.12
342247.73 362863.66 64.89
342247.73 362773.66 62.37
342247.73 362683.66 59.18
342247.73 362593.66 62.44
342247.73 362503.66 62.34
342247.73 362413.66 61.73
342247.73 362323.66 64.44
342247.73 362233.66 66.83
342247.73 362143.66 72.83
342247.73 362053.66 76.68
342247.73 361963.66 74.01
342247.73 361873.66 66.84
342247.73 361783.66 60.17
342247.73 361693.66 58.45
342247.73 361603.66 59.07
342247.73 361513.66 59.73
342247.73 361423.66 60.75
342247.73 361333.66 63.97
342247.73 361243.66 66.50
342247.73 361153.66 68.79
342247.73 361063.66 71.69
342247.73 360973.66 75.64
342247.73 360883.66 80.70
342247.73 360793.66 87.18
342247.73 360703.66 92.95
342247.73 360613.66 108.98
342247.73 360523.66 128.04
342247.73 360433.66 137.51
342247.73 360343.66 142.84
342247.73 360253.66 152.30
342247.73 360163.66 164.70
342247.73 360073.66 180.19
342247.73 359983.66 198.42
342247.73 359893.66 239.89
342247.73 359803.66 283.15
342247.73 359713.66 329.29
342247.73 359623.66 353.85
342247.73 359533.66 362.30
342247.73 359443.66 376.12
342247.73 359353.66 401.80
342247.73 359263.66 435.43
342247.73 359173.66 501.61
342247.73 359083.66 557.15
342247.73 358993.66 578.40
342247.73 358903.66 558.62
342247.73 358813.66 541.11
342247.73 358723.66 531.50
342247.73 358633.66 499.08
342247.73 358543.66 451.97
342247.73 358453.66 434.10
342247.73 358363.66 427.86
342247.73 358273.66 396.83
342337.73 364123.66 48.08
342337.73 364033.66 49.30
342337.73 363943.66 51.20
342337.73 363853.66 55.48
342337.73 363763.66 56.12
342337.73 363673.66 51.69
342337.73 363583.66 48.51
342337.73 363493.66 49.79
342337.73 363403.66 52.89
342337.73 363313.66 54.70
342337.73 363223.66 55.97
342337.73 363133.66 57.75
342337.73 363043.66 60.45
342337.73 362953.66 64.80
342337.73 362863.66 66.87
342337.73 362773.66 65.28
342337.73 362683.66 61.36
342337.73 362593.66 64.39
342337.73 362503.66 67.64
342337.73 362413.66 67.50
342337.73 362323.66 68.08
342337.73 362233.66 69.59
342337.73 362143.66 74.13
342337.73 362053.66 76.90
342337.73 361963.66 72.97
342337.73 361873.66 66.40
342337.73 361783.66 61.17
342337.73 361693.66 59.75
342337.73 361603.66 60.39
342337.73 361513.66 61.25
342337.73 361423.66 61.76
342337.73 361333.66 64.22
342337.73 361243.66 66.53
342337.73 361153.66 69.03
342337.73 361063.66 72.17
342337.73 360973.66 76.19
342337.73 360883.66 82.31
342337.73 360793.66 88.95
342337.73 360703.66 95.77
342337.73 360613.66 114.00
342337.73 360523.66 139.74
342337.73 360433.66 156.56
342337.73 360343.66 165.30
342337.73 360253.66 172.21
342337.73 360163.66 184.54
342337.73 360073.66 202.46
342337.73 359983.66 220.16
342337.73 359893.66 248.56
342337.73 359803.66 274.32
342337.73 359713.66 305.54
342337.73 359623.66 323.26
342337.73 359533.66 338.48
342337.73 359443.66 370.06
342337.73 359353.66 412.41
342337.73 359263.66 447.48
342337.73 359173.66 504.32
342337.73 359083.66 557.24
342337.73 358993.66 601.21
342337.73 358903.66 605.47
342337.73 358813.66 580.28
342337.73 358723.66 541.44
342337.73 358633.66 496.49
342337.73 358543.66 460.78
342337.73 358453.66 455.07
342337.73 358363.66 438.73
342337.73 358273.66 407.70
342337.73 358183.66 365.43
342427.73 364123.66 48.36
342427.73 364033.66 50.47
342427.73 363943.66 53.56
342427.73 363853.66 54.65
342427.73 363763.66 55.57
342427.73 363673.66 53.14
342427.73 363583.66 52.37
342427.73 363493.66 53.12
342427.73 363403.66 54.32
342427.73 363313.66 54.29
342427.73 363223.66 55.94
342427.73 363133.66 59.54
342427.73 363043.66 62.99
342427.73 362953.66 65.15
342427.73 362863.66 64.80
342427.73 362773.66 67.15
342427.73 362683.66 64.79
342427.73 362593.66 63.75
342427.73 362503.66 67.64
342427.73 362413.66 69.93
342427.73 362323.66 70.15
342427.73 362233.66 71.75
342427.73 362143.66 74.88
342427.73 362053.66 77.20
342427.73 361963.66 73.66
342427.73 361873.66 66.85
342427.73 361783.66 62.27
342427.73 361693.66 61.20
342427.73 361603.66 61.59
342427.73 361513.66 62.61
342427.73 361423.66 63.34
342427.73 361333.66 64.55
342427.73 361243.66 66.36
342427.73 361153.66 68.91
342427.73 361063.66 72.56
342427.73 360973.66 76.89
342427.73 360883.66 82.84
342427.73 360793.66 89.92
342427.73 360703.66 97.79
342427.73 360613.66 115.13
342427.73 360523.66 133.61
342427.73 360433.66 155.11
342427.73 360343.66 176.37
342427.73 360253.66 192.16
342427.73 360163.66 210.24
342427.73 360073.66 231.18
342427.73 359983.66 250.45
342427.73 359893.66 283.73
342427.73 359803.66 308.08
342427.73 359713.66 324.20
342427.73 359623.66 337.69
342427.73 359533.66 353.38
342427.73 359443.66 376.12
342427.73 359353.66 404.62
342427.73 359263.66 442.92
342427.73 359173.66 514.67
342427.73 359083.66 564.97
342427.73 358993.66 603.61
342427.73 358903.66 629.27
342427.73 358813.66 603.88
342427.73 358723.66 557.38
342427.73 358633.66 522.44
342427.73 358543.66 500.19
342427.73 358453.66 485.90
342427.73 358363.66 450.57
342427.73 358273.66 409.99
342427.73 358183.66 371.94
342427.73 358093.66 374.46
342427.73 358003.66 385.47
342517.73 364033.66 51.39
342517.73 363943.66 54.82
342517.73 363853.66 56.06
342517.73 363763.66 56.55
342517.73 363673.66 55.01
342517.73 363583.66 56.66
342517.73 363493.66 56.01
342517.73 363403.66 56.22
342517.73 363313.66 56.22
342517.73 363223.66 57.76
342517.73 363133.66 62.57
342517.73 363043.66 65.32
342517.73 362953.66 63.60
342517.73 362863.66 61.16
342517.73 362773.66 64.89
342517.73 362683.66 64.98
342517.73 362593.66 63.79
342517.73 362503.66 65.59
342517.73 362413.66 67.41
342517.73 362323.66 68.44
342517.73 362233.66 70.24
342517.73 362143.66 74.75
342517.73 362053.66 77.36
342517.73 361963.66 73.68
342517.73 361873.66 66.43
342517.73 361783.66 62.84
342517.73 361693.66 62.66
342517.73 361603.66 62.99
342517.73 361513.66 63.93
342517.73 361423.66 64.97
342517.73 361333.66 65.95
342517.73 361243.66 67.06
342517.73 361153.66 69.13
342517.73 361063.66 72.28
342517.73 360973.66 76.43
342517.73 360883.66 82.16
342517.73 360793.66 89.17
342517.73 360703.66 97.46
342517.73 360613.66 115.25
342517.73 360523.66 133.32
342517.73 360433.66 152.53
342517.73 360343.66 174.00
342517.73 360253.66 198.01
342517.73 360163.66 227.10
342517.73 360073.66 258.06
342517.73 359983.66 286.80
342517.73 359893.66 326.24
342517.73 359803.66 359.66
342517.73 359713.66 377.80
342517.73 359623.66 384.71
342517.73 359533.66 396.29
342517.73 359443.66 407.04
342517.73 359353.66 415.53
342517.73 359263.66 430.20
342517.73 359173.66 487.67
342517.73 359083.66 536.92
342517.73 358993.66 579.14
342517.73 358903.66 608.68
342517.73 358813.66 604.11
342517.73 358723.66 591.93
342517.73 358633.66 576.05
342517.73 358543.66 546.09
342517.73 358453.66 519.84
342517.73 358363.66 477.89
342517.73 358273.66 426.45
342517.73 358183.66 398.93
342517.73 358093.66 410.70
342517.73 358003.66 420.62
342517.73 357913.66 393.84
342607.73 363943.66 54.25
342607.73 363853.66 54.78
342607.73 363763.66 56.65
342607.73 363673.66 57.46
342607.73 363583.66 59.03
342607.73 363493.66 55.10
342607.73 363403.66 55.58
342607.73 363313.66 58.19
342607.73 363223.66 60.09
342607.73 363133.66 65.27
342607.73 363043.66 67.35
342607.73 362953.66 67.08
342607.73 362863.66 62.97
342607.73 362773.66 60.59
342607.73 362683.66 61.75
342607.73 362593.66 64.78
342607.73 362503.66 66.87
342607.73 362413.66 68.50
342607.73 362323.66 68.86
342607.73 362233.66 70.64
342607.73 362143.66 75.14
342607.73 362053.66 76.45
342607.73 361963.66 72.03
342607.73 361873.66 65.80
342607.73 361783.66 63.48
342607.73 361693.66 63.98
342607.73 361603.66 64.74
342607.73 361513.66 65.36
342607.73 361423.66 66.22
342607.73 361333.66 67.60
342607.73 361243.66 68.75
342607.73 361153.66 69.77
342607.73 361063.66 72.23
342607.73 360973.66 75.85
342607.73 360883.66 81.37
342607.73 360793.66 87.74
342607.73 360703.66 95.58
342607.73 360613.66 116.67
342607.73 360523.66 145.06
342607.73 360433.66 170.05
342607.73 360343.66 189.10
342607.73 360253.66 206.67
342607.73 360163.66 231.66
342607.73 360073.66 268.14
342607.73 359983.66 312.97
342607.73 359893.66 375.14
342607.73 359803.66 414.34
342607.73 359713.66 430.96
342607.73 359623.66 439.53
342607.73 359533.66 450.90
342607.73 359443.66 459.42
342607.73 359353.66 465.27
342607.73 359263.66 463.37
342607.73 359173.66 491.62
342607.73 359083.66 534.17
342607.73 358993.66 572.01
342607.73 358903.66 568.32
342607.73 358813.66 563.64
342607.73 358723.66 588.77
342607.73 358633.66 602.24
342607.73 358543.66 588.07
342607.73 358453.66 543.16
342607.73 358363.66 486.11
342607.73 358273.66 442.00
342607.73 358183.66 441.44
342607.73 358093.66 447.36
342607.73 358003.66 433.77
342607.73 357913.66 401.44
342607.73 357823.66 356.46
342697.73 363943.66 50.84
342697.73 363853.66 51.25
342697.73 363763.66 52.87
342697.73 363673.66 56.08
342697.73 363583.66 57.87
342697.73 363493.66 56.91
342697.73 363403.66 57.73
342697.73 363313.66 60.58
342697.73 363223.66 63.37
342697.73 363133.66 66.76
342697.73 363043.66 67.11
342697.73 362953.66 67.00
342697.73 362863.66 63.36
342697.73 362773.66 57.35
342697.73 362683.66 57.61
342697.73 362593.66 60.52
342697.73 362503.66 62.68
342697.73 362413.66 66.28
342697.73 362323.66 67.81
342697.73 362233.66 71.68
342697.73 362143.66 75.52
342697.73 362053.66 77.03
342697.73 361963.66 73.77
342697.73 361873.66 68.27
342697.73 361783.66 65.83
342697.73 361693.66 66.00
342697.73 361603.66 66.86
342697.73 361513.66 67.31
342697.73 361423.66 68.07
342697.73 361333.66 69.76
342697.73 361243.66 71.05
342697.73 361153.66 71.55
342697.73 361063.66 74.00
342697.73 360973.66 77.82
342697.73 360883.66 83.10
342697.73 360793.66 89.42
342697.73 360703.66 96.91
342697.73 360613.66 117.99
342697.73 360523.66 146.82
342697.73 360433.66 174.88
342697.73 360343.66 201.54
342697.73 360253.66 227.13
342697.73 360163.66 257.90
342697.73 360073.66 293.68
342697.73 359983.66 335.30
342697.73 359893.66 407.93
342697.73 359803.66 440.44
342697.73 359713.66 454.21
342697.73 359623.66 454.90
342697.73 359533.66 464.02
342697.73 359443.66 473.50
342697.73 359353.66 494.96
342697.73 359263.66 493.36
342697.73 359173.66 512.51
342697.73 359083.66 532.09
342697.73 358993.66 542.64
342697.73 358903.66 515.89
342697.73 358813.66 500.25
342697.73 358723.66 524.88
342697.73 358633.66 555.38
342697.73 358543.66 575.87
342697.73 358453.66 555.17
342697.73 358363.66 522.18
342697.73 358273.66 501.41
342697.73 358183.66 494.94
342697.73 358093.66 474.15
342697.73 358003.66 441.97
342697.73 357913.66 415.68
342697.73 357823.66 380.26
342697.73 357733.66 336.53
342787.73 363853.66 48.34
342787.73 363763.66 51.05
342787.73 363673.66 52.95
342787.73 363583.66 54.59
342787.73 363493.66 58.21
342787.73 363403.66 57.85
342787.73 363313.66 58.20
342787.73 363223.66 60.13
342787.73 363133.66 60.89
342787.73 363043.66 59.94
342787.73 362953.66 59.31
342787.73 362863.66 57.70
342787.73 362773.66 53.89
342787.73 362683.66 53.20
342787.73 362593.66 54.64
342787.73 362503.66 58.14
342787.73 362413.66 63.04
342787.73 362323.66 65.61
342787.73 362233.66 70.76
342787.73 362143.66 77.31
342787.73 362053.66 77.82
342787.73 361963.66 76.48
342787.73 361873.66 71.64
342787.73 361783.66 68.70
342787.73 361693.66 68.25
342787.73 361603.66 68.69
342787.73 361513.66 69.16
342787.73 361423.66 70.25
342787.73 361333.66 72.41
342787.73 361243.66 73.72
342787.73 361153.66 74.21
342787.73 361063.66 75.97
342787.73 360973.66 79.94
342787.73 360883.66 85.14
342787.73 360793.66 92.39
342787.73 360703.66 100.20
342787.73 360613.66 123.33
342787.73 360523.66 151.00
342787.73 360433.66 177.16
342787.73 360343.66 203.07
342787.73 360253.66 233.73
342787.73 360163.66 277.76
342787.73 360073.66 323.04
342787.73 359983.66 368.57
342787.73 359893.66 407.10
342787.73 359803.66 414.56
342787.73 359713.66 432.51
342787.73 359623.66 420.35
342787.73 359533.66 417.36
342787.73 359443.66 435.80
342787.73 359353.66 475.31
342787.73 359263.66 470.59
342787.73 359173.66 490.73
342787.73 359083.66 486.25
342787.73 358993.66 485.50
342787.73 358903.66 463.07
342787.73 358813.66 445.33
342787.73 358723.66 463.23
342787.73 358633.66 501.76
342787.73 358543.66 531.95
342787.73 358453.66 546.29
342787.73 358363.66 560.55
342787.73 358273.66 559.08
342787.73 358183.66 529.92
342787.73 358093.66 493.07
342787.73 358003.66 459.96
342787.73 357913.66 426.86
342787.73 357823.66 397.97
342787.73 357733.66 367.15
342787.73 357643.66 338.92
342877.73 363853.66 46.90
342877.73 363763.66 49.63
342877.73 363673.66 51.78
342877.73 363583.66 53.37
342877.73 363493.66 55.87
342877.73 363403.66 55.57
342877.73 363313.66 54.45
342877.73 363223.66 54.64
342877.73 363133.66 56.11
342877.73 363043.66 56.21
342877.73 362953.66 55.21
342877.73 362863.66 53.59
342877.73 362773.66 53.16
342877.73 362683.66 54.42
342877.73 362593.66 55.70
342877.73 362503.66 59.03
342877.73 362413.66 63.61
342877.73 362323.66 66.53
342877.73 362233.66 69.69
342877.73 362143.66 78.83
342877.73 362053.66 79.06
342877.73 361963.66 75.60
342877.73 361873.66 73.20
342877.73 361783.66 72.21
342877.73 361693.66 70.50
342877.73 361603.66 69.78
342877.73 361513.66 70.58
342877.73 361423.66 71.76
342877.73 361333.66 73.83
342877.73 361243.66 75.56
342877.73 361153.66 76.59
342877.73 361063.66 76.79
342877.73 360973.66 80.08
342877.73 360883.66 85.08
342877.73 360793.66 92.76
342877.73 360703.66 101.19
342877.73 360613.66 130.20
342877.73 360523.66 165.23
342877.73 360433.66 201.57
342877.73 360343.66 229.56
342877.73 360253.66 249.16
342877.73 360163.66 281.27
342877.73 360073.66 325.64
342877.73 359983.66 387.25
342877.73 359893.66 382.83
342877.73 359803.66 369.26
342877.73 359713.66 396.17
342877.73 359623.66 385.74
342877.73 359533.66 373.60
342877.73 359443.66 406.07
342877.73 359353.66 435.95
342877.73 359263.66 421.70
342877.73 359173.66 452.68
342877.73 359083.66 448.66
342877.73 358993.66 443.74
342877.73 358903.66 426.15
342877.73 358813.66 422.23
342877.73 358723.66 450.97
342877.73 358633.66 494.72
342877.73 358543.66 517.11
342877.73 358453.66 523.22
342877.73 358363.66 547.20
342877.73 358273.66 555.67
342877.73 358183.66 527.01
342877.73 358093.66 495.96
342877.73 358003.66 463.76
342877.73 357913.66 427.74
342877.73 357823.66 410.14
342877.73 357733.66 397.16
342877.73 357643.66 367.95
342877.73 357553.66 357.59
342967.73 363853.66 48.76
342967.73 363763.66 49.77
342967.73 363673.66 50.83
342967.73 363583.66 52.99
342967.73 363493.66 55.56
342967.73 363403.66 54.56
342967.73 363313.66 52.92
342967.73 363223.66 52.42
342967.73 363133.66 53.34
342967.73 363043.66 52.71
342967.73 362953.66 51.26
342967.73 362863.66 51.01
342967.73 362773.66 54.46
342967.73 362683.66 57.56
342967.73 362593.66 58.35
342967.73 362503.66 60.97
342967.73 362413.66 62.82
342967.73 362323.66 66.66
342967.73 362233.66 71.56
342967.73 362143.66 80.21
342967.73 362053.66 81.74
342967.73 361963.66 76.08
342967.73 361873.66 75.74
342967.73 361783.66 75.97
342967.73 361693.66 72.66
342967.73 361603.66 71.26
342967.73 361513.66 72.05
342967.73 361423.66 73.17
342967.73 361333.66 75.25
342967.73 361243.66 77.11
342967.73 361153.66 78.40
342967.73 361063.66 78.22
342967.73 360973.66 81.25
342967.73 360883.66 85.93
342967.73 360793.66 92.42
342967.73 360703.66 102.65
342967.73 360613.66 136.25
342967.73 360523.66 173.52
342967.73 360433.66 215.26
342967.73 360343.66 253.63
342967.73 360253.66 276.81
342967.73 360163.66 303.58
342967.73 360073.66 345.70
342967.73 359983.66 387.72
342967.73 359893.66 349.74
342967.73 359803.66 332.20
342967.73 359713.66 356.51
342967.73 359623.66 346.05
342967.73 359533.66 340.25
342967.73 359443.66 375.33
342967.73 359353.66 395.94
342967.73 359263.66 379.90
342967.73 359173.66 410.89
342967.73 359083.66 417.98
342967.73 358993.66 405.94
342967.73 358903.66 392.37
342967.73 358813.66 411.33
342967.73 358723.66 442.30
342967.73 358633.66 469.27
342967.73 358543.66 479.51
342967.73 358453.66 515.05
342967.73 358363.66 555.64
342967.73 358273.66 559.16
342967.73 358183.66 531.18
342967.73 358093.66 496.64
342967.73 358003.66 473.25
342967.73 357913.66 452.01
342967.73 357823.66 450.07
342967.73 357733.66 436.72
342967.73 357643.66 398.43
342967.73 357553.66 377.25
342967.73 357463.66 390.20
343057.73 363853.66 50.77
343057.73 363763.66 51.65
343057.73 363673.66 52.31
343057.73 363583.66 54.13
343057.73 363493.66 56.64
343057.73 363403.66 55.81
343057.73 363313.66 52.82
343057.73 363223.66 50.12
343057.73 363133.66 49.89
343057.73 363043.66 49.93
343057.73 362953.66 49.80
343057.73 362863.66 50.73
343057.73 362773.66 53.97
343057.73 362683.66 57.01
343057.73 362593.66 58.44
343057.73 362503.66 62.70
343057.73 362413.66 63.22
343057.73 362323.66 68.05
343057.73 362233.66 75.11
343057.73 362143.66 79.68
343057.73 362053.66 81.09
343057.73 361963.66 77.32
343057.73 361873.66 77.67
343057.73 361783.66 77.10
343057.73 361693.66 73.81
343057.73 361603.66 72.75
343057.73 361513.66 73.37
343057.73 361423.66 74.28
343057.73 361333.66 76.76
343057.73 361243.66 78.63
343057.73 361153.66 80.00
343057.73 361063.66 80.64
343057.73 360973.66 82.73
343057.73 360883.66 87.61
343057.73 360793.66 93.72
343057.73 360703.66 104.23
343057.73 360613.66 137.76
343057.73 360523.66 171.68
343057.73 360433.66 208.26
343057.73 360343.66 242.81
343057.73 360253.66 270.47
343057.73 360163.66 300.51
343057.73 360073.66 350.32
343057.73 359983.66 369.03
343057.73 359893.66 314.80
343057.73 359803.66 298.78
343057.73 359713.66 312.85
343057.73 359623.66 301.79
343057.73 359533.66 305.22
343057.73 359443.66 336.54
343057.73 359353.66 352.83
343057.73 359263.66 343.46
343057.73 359173.66 368.46
343057.73 359083.66 385.66
343057.73 358993.66 370.99
343057.73 358903.66 368.60
343057.73 358813.66 390.67
343057.73 358723.66 411.08
343057.73 358633.66 431.24
343057.73 358543.66 450.14
343057.73 358453.66 518.07
343057.73 358363.66 566.63
343057.73 358273.66 572.08
343057.73 358183.66 561.61
343057.73 358093.66 536.24
343057.73 358003.66 514.87
343057.73 357913.66 494.97
343057.73 357823.66 500.45
343057.73 357733.66 472.56
343057.73 357643.66 424.63
343057.73 357553.66 401.15
343057.73 357463.66 414.51
343147.73 363763.66 53.39
343147.73 363673.66 54.42
343147.73 363583.66 54.49
343147.73 363493.66 53.05
343147.73 363403.66 52.23
343147.73 363313.66 50.39
343147.73 363223.66 48.47
343147.73 363133.66 48.20
343147.73 363043.66 48.74
343147.73 362953.66 50.81
343147.73 362863.66 53.16
343147.73 362773.66 53.52
343147.73 362683.66 54.50
343147.73 362593.66 57.17
343147.73 362503.66 61.79
343147.73 362413.66 63.15
343147.73 362323.66 71.55
343147.73 362233.66 78.78
343147.73 362143.66 77.80
343147.73 362053.66 75.24
343147.73 361963.66 74.42
343147.73 361873.66 75.50
343147.73 361783.66 75.10
343147.73 361693.66 73.65
343147.73 361603.66 73.52
343147.73 361513.66 74.74
343147.73 361423.66 75.78
343147.73 361333.66 78.29
343147.73 361243.66 80.39
343147.73 361153.66 81.67
343147.73 361063.66 83.25
343147.73 360973.66 84.05
343147.73 360883.66 87.79
343147.73 360793.66 95.15
343147.73 360703.66 105.03
343147.73 360613.66 129.57
343147.73 360523.66 155.54
343147.73 360433.66 185.00
343147.73 360343.66 215.17
343147.73 360253.66 245.79
343147.73 360163.66 276.60
343147.73 360073.66 319.61
343147.73 359983.66 328.77
343147.73 359893.66 280.93
343147.73 359803.66 265.37
343147.73 359713.66 271.52
343147.73 359623.66 264.26
343147.73 359533.66 270.17
343147.73 359443.66 295.19
343147.73 359353.66 307.84
343147.73 359263.66 311.09
343147.73 359173.66 333.23
343147.73 359083.66 346.22
343147.73 358993.66 347.35
343147.73 358903.66 364.58
343147.73 358813.66 385.11
343147.73 358723.66 403.91
343147.73 358633.66 426.55
343147.73 358543.66 450.60
343147.73 358453.66 515.62
343147.73 358363.66 549.08
343147.73 358273.66 555.28
343147.73 358183.66 569.41
343147.73 358093.66 575.18
343147.73 358003.66 558.81
343147.73 357913.66 540.89
343147.73 357823.66 550.65
343147.73 357733.66 504.67
343147.73 357643.66 449.37
343147.73 357553.66 429.52
343147.73 357463.66 439.48
343237.73 363763.66 56.38
343237.73 363673.66 57.04
343237.73 363583.66 55.91
343237.73 363493.66 51.85
343237.73 363403.66 48.46
343237.73 363313.66 47.51
343237.73 363223.66 47.58
343237.73 363133.66 48.12
343237.73 363043.66 50.24
343237.73 362953.66 53.27
343237.73 362863.66 55.39
343237.73 362773.66 55.55
343237.73 362683.66 55.82
343237.73 362593.66 58.18
343237.73 362503.66 62.03
343237.73 362413.66 65.48
343237.73 362323.66 75.74
343237.73 362233.66 79.96
343237.73 362143.66 76.66
343237.73 362053.66 71.94
343237.73 361963.66 70.70
343237.73 361873.66 71.02
343237.73 361783.66 71.57
343237.73 361693.66 72.26
343237.73 361603.66 73.98
343237.73 361513.66 75.75
343237.73 361423.66 77.46
343237.73 361333.66 79.73
343237.73 361243.66 82.37
343237.73 361153.66 83.76
343237.73 361063.66 85.30
343237.73 360973.66 86.48
343237.73 360883.66 87.77
343237.73 360793.66 92.64
343237.73 360703.66 103.90
343237.73 360613.66 131.81
343237.73 360523.66 158.04
343237.73 360433.66 183.53
343237.73 360343.66 209.53
343237.73 360253.66 231.35
343237.73 360163.66 253.03
343237.73 360073.66 278.40
343237.73 359983.66 281.93
343237.73 359893.66 249.43
343237.73 359803.66 236.00
343237.73 359713.66 236.85
343237.73 359623.66 233.36
343237.73 359533.66 239.49
343237.73 359443.66 256.55
343237.73 359353.66 272.85
343237.73 359263.66 286.03
343237.73 359173.66 305.59
343237.73 359083.66 321.15
343237.73 358993.66 346.25
343237.73 358903.66 386.20
343237.73 358813.66 421.79
343237.73 358723.66 444.69
343237.73 358633.66 460.63
343237.73 358543.66 469.01
343237.73 358453.66 515.96
343237.73 358363.66 528.27
343237.73 358273.66 532.93
343237.73 358183.66 559.94
343237.73 358093.66 581.35
343237.73 358003.66 576.31
343237.73 357913.66 569.97
343237.73 357823.66 578.67
343237.73 357733.66 530.46
343237.73 357643.66 472.28
343237.73 357553.66 453.45
343237.73 357463.66 468.83
343237.73 357373.66 485.59
343327.73 363763.66 54.77
343327.73 363673.66 54.00
343327.73 363583.66 54.01
343327.73 363493.66 50.87
343327.73 363403.66 47.71
343327.73 363313.66 47.01
343327.73 363223.66 47.42
343327.73 363133.66 48.42
343327.73 363043.66 51.42
343327.73 362953.66 53.13
343327.73 362863.66 54.21
343327.73 362773.66 58.47
343327.73 362683.66 60.69
343327.73 362593.66 61.51
343327.73 362503.66 62.97
343327.73 362413.66 67.90
343327.73 362323.66 77.86
343327.73 362233.66 79.39
343327.73 362143.66 74.70
343327.73 362053.66 69.58
343327.73 361963.66 68.23
343327.73 361873.66 69.13
343327.73 361783.66 70.42
343327.73 361693.66 71.93
343327.73 361603.66 74.52
343327.73 361513.66 75.99
343327.73 361423.66 77.90
343327.73 361333.66 80.59
343327.73 361243.66 83.72
343327.73 361153.66 85.55
343327.73 361063.66 86.86
343327.73 360973.66 88.95
343327.73 360883.66 90.13
343327.73 360793.66 91.20
343327.73 360703.66 102.35
343327.73 360613.66 141.52
343327.73 360523.66 172.04
343327.73 360433.66 190.76
343327.73 360343.66 205.80
343327.73 360253.66 209.78
343327.73 360163.66 221.06
343327.73 360073.66 236.64
343327.73 359983.66 235.63
343327.73 359893.66 216.62
343327.73 359803.66 207.15
343327.73 359713.66 208.95
343327.73 359623.66 216.83
343327.73 359533.66 233.23
343327.73 359443.66 253.04
343327.73 359353.66 262.60
343327.73 359263.66 271.48
343327.73 359173.66 299.08
343327.73 359083.66 333.97
343327.73 358993.66 366.75
343327.73 358903.66 406.86
343327.73 358813.66 455.33
343327.73 358723.66 492.43
343327.73 358633.66 509.10
343327.73 358543.66 513.39
343327.73 358453.66 519.06
343327.73 358363.66 512.13
343327.73 358273.66 520.06
343327.73 358183.66 543.59
343327.73 358093.66 555.23
343327.73 358003.66 559.82
343327.73 357913.66 574.12
343327.73 357823.66 584.79
343327.73 357733.66 536.58
343327.73 357643.66 485.69
343327.73 357553.66 474.80
343327.73 357463.66 495.77
343327.73 357373.66 515.43
343417.73 363763.66 47.65
343417.73 363673.66 47.09
343417.73 363583.66 48.15
343417.73 363493.66 47.07
343417.73 363403.66 46.82
343417.73 363313.66 47.24
343417.73 363223.66 47.57
343417.73 363133.66 48.54
343417.73 363043.66 50.46
343417.73 362953.66 52.95
343417.73 362863.66 54.73
343417.73 362773.66 59.72
343417.73 362683.66 62.43
343417.73 362593.66 64.62
343417.73 362503.66 68.13
343417.73 362413.66 70.12
343417.73 362323.66 73.65
343417.73 362233.66 74.02
343417.73 362143.66 70.15
343417.73 362053.66 67.29
343417.73 361963.66 67.39
343417.73 361873.66 68.89
343417.73 361783.66 70.61
343417.73 361693.66 71.89
343417.73 361603.66 74.24
343417.73 361513.66 75.87
343417.73 361423.66 77.50
343417.73 361333.66 80.61
343417.73 361243.66 83.70
343417.73 361153.66 86.21
343417.73 361063.66 88.23
343417.73 360973.66 90.43
343417.73 360883.66 92.58
343417.73 360793.66 94.05
343417.73 360703.66 101.77
343417.73 360613.66 126.34
343417.73 360523.66 144.20
343417.73 360433.66 151.57
343417.73 360343.66 161.01
343417.73 360253.66 165.34
343417.73 360163.66 175.00
343417.73 360073.66 185.16
343417.73 359983.66 183.95
343417.73 359893.66 185.07
343417.73 359803.66 191.60
343417.73 359713.66 204.34
343417.73 359623.66 227.54
343417.73 359533.66 257.25
343417.73 359443.66 291.49
343417.73 359353.66 302.39
343417.73 359263.66 303.61
343417.73 359173.66 340.06
343417.73 359083.66 383.27
343417.73 358993.66 418.05
343417.73 358903.66 440.47
343417.73 358813.66 461.48
343417.73 358723.66 485.73
343417.73 358633.66 502.56
343417.73 358543.66 510.57
343417.73 358453.66 509.50
343417.73 358363.66 521.17
343417.73 358273.66 531.56
343417.73 358183.66 543.11
343417.73 358093.66 553.93
343417.73 358003.66 568.05
343417.73 357913.66 592.53
343417.73 357823.66 599.35
343417.73 357733.66 548.37
343417.73 357643.66 502.25
343417.73 357553.66 488.95
343417.73 357463.66 496.97
343507.73 363763.66 43.78
343507.73 363673.66 44.26
343507.73 363583.66 44.78
343507.73 363493.66 45.62
343507.73 363403.66 47.15
343507.73 363313.66 47.75
343507.73 363223.66 48.01
343507.73 363133.66 48.54
343507.73 363043.66 49.95
343507.73 362953.66 52.52
343507.73 362863.66 54.43
343507.73 362773.66 58.04
343507.73 362683.66 61.25
343507.73 362593.66 64.64
343507.73 362503.66 72.67
343507.73 362413.66 73.68
343507.73 362323.66 68.76
343507.73 362233.66 65.85
343507.73 362143.66 64.55
343507.73 362053.66 65.86
343507.73 361963.66 67.62
343507.73 361873.66 69.08
343507.73 361783.66 70.94
343507.73 361693.66 71.99
343507.73 361603.66 73.94
343507.73 361513.66 75.91
343507.73 361423.66 77.48
343507.73 361333.66 80.38
343507.73 361243.66 83.57
343507.73 361153.66 86.39
343507.73 361063.66 88.99
343507.73 360973.66 91.47
343507.73 360883.66 93.59
343507.73 360793.66 95.70
343507.73 360703.66 100.29
343507.73 360613.66 105.82
343507.73 360523.66 110.56
343507.73 360433.66 116.31
343507.73 360343.66 122.51
343507.73 360253.66 127.57
343507.73 360163.66 136.66
343507.73 360073.66 144.07
343507.73 359983.66 147.53
343507.73 359893.66 172.85
343507.73 359803.66 197.65
343507.73 359713.66 218.56
343507.73 359623.66 241.88
343507.73 359533.66 271.98
343507.73 359443.66 320.10
343507.73 359353.66 355.16
343507.73 359263.66 364.21
343507.73 359173.66 397.75
343507.73 359083.66 438.78
343507.73 358993.66 458.16
343507.73 358903.66 451.11
343507.73 358813.66 436.14
343507.73 358723.66 434.61
343507.73 358633.66 446.92
343507.73 358543.66 461.59
343507.73 358453.66 501.20
343507.73 358363.66 548.04
343507.73 358273.66 566.22
343507.73 358183.66 572.42
343507.73 358093.66 584.60
343507.73 358003.66 604.28
343507.73 357913.66 626.32
343507.73 357823.66 618.40
343507.73 357733.66 559.09
343507.73 357643.66 510.98
343507.73 357553.66 485.46
343507.73 357463.66 477.43
343597.73 363763.66 43.86
343597.73 363673.66 45.21
343597.73 363583.66 46.12
343597.73 363493.66 46.87
343597.73 363403.66 48.03
343597.73 363313.66 48.59
343597.73 363223.66 48.80
343597.73 363133.66 48.92
343597.73 363043.66 49.28
343597.73 362953.66 50.24
343597.73 362863.66 51.96
343597.73 362773.66 55.98
343597.73 362683.66 60.21
343597.73 362593.66 63.08
343597.73 362503.66 68.88
343597.73 362413.66 70.14
343597.73 362323.66 66.30
343597.73 362233.66 63.44
343597.73 362143.66 63.36
343597.73 362053.66 65.98
343597.73 361963.66 67.97
343597.73 361873.66 68.96
343597.73 361783.66 70.50
343597.73 361693.66 71.92
343597.73 361603.66 73.85
343597.73 361513.66 75.57
343597.73 361423.66 77.33
343597.73 361333.66 80.75
343597.73 361243.66 83.66
343597.73 361153.66 86.26
343597.73 361063.66 88.81
343597.73 360973.66 91.58
343597.73 360883.66 94.19
343597.73 360793.66 96.42
343597.73 360703.66 101.32
343597.73 360613.66 109.04
343597.73 360523.66 114.66
343597.73 360433.66 118.43
343597.73 360343.66 121.48
343597.73 360253.66 125.38
343597.73 360163.66 132.81
343597.73 360073.66 141.55
343597.73 359983.66 146.56
343597.73 359893.66 178.78
343597.73 359803.66 212.22
343597.73 359713.66 236.23
343597.73 359623.66 254.60
343597.73 359533.66 280.02
343597.73 359443.66 325.68
343597.73 359353.66 378.79
343597.73 359263.66 411.85
343597.73 359173.66 434.35
343597.73 359083.66 447.80
343597.73 358993.66 431.42
343597.73 358903.66 406.57
343597.73 358813.66 400.28
343597.73 358723.66 410.15
343597.73 358633.66 429.93
343597.73 358543.66 452.68
343597.73 358453.66 501.77
343597.73 358363.66 551.53
343597.73 358273.66 583.48
343597.73 358183.66 599.73
343597.73 358093.66 613.35
343597.73 358003.66 627.37
343597.73 357913.66 635.07
343597.73 357823.66 611.93
343597.73 357733.66 547.87
343597.73 357643.66 499.31
343597.73 357553.66 473.90
343687.73 363673.66 46.84
343687.73 363583.66 48.11
343687.73 363493.66 48.44
343687.73 363403.66 48.68
343687.73 363313.66 50.52
343687.73 363223.66 52.76
343687.73 363133.66 52.28
343687.73 363043.66 50.76
343687.73 362953.66 50.71
343687.73 362863.66 51.75
343687.73 362773.66 54.25
343687.73 362683.66 57.22
343687.73 362593.66 61.41
343687.73 362503.66 66.73
343687.73 362413.66 64.56
343687.73 362323.66 61.92
343687.73 362233.66 61.74
343687.73 362143.66 62.71
343687.73 362053.66 65.68
343687.73 361963.66 67.53
343687.73 361873.66 68.48
343687.73 361783.66 70.01
343687.73 361693.66 71.66
343687.73 361603.66 73.64
343687.73 361513.66 75.24
343687.73 361423.66 77.09
343687.73 361333.66 80.57
343687.73 361243.66 83.41
343687.73 361153.66 85.72
343687.73 361063.66 88.20
343687.73 360973.66 91.08
343687.73 360883.66 93.92
343687.73 360793.66 98.34
343687.73 360703.66 108.68
343687.73 360613.66 121.50
343687.73 360523.66 127.39
343687.73 360433.66 131.89
343687.73 360343.66 138.89
343687.73 360253.66 145.16
343687.73 360163.66 148.79
343687.73 360073.66 158.40
343687.73 359983.66 164.90
343687.73 359893.66 193.91
343687.73 359803.66 228.15
343687.73 359713.66 259.36
343687.73 359623.66 284.49
343687.73 359533.66 306.38
343687.73 359443.66 340.81
343687.73 359353.66 399.21
343687.73 359263.66 442.36
343687.73 359173.66 439.43
343687.73 359083.66 414.15
343687.73 358993.66 385.46
343687.73 358903.66 373.15
343687.73 358813.66 390.27
343687.73 358723.66 417.87
343687.73 358633.66 439.33
343687.73 358543.66 470.26
343687.73 358453.66 517.44
343687.73 358363.66 559.77
343687.73 358273.66 596.75
343687.73 358183.66 624.95
343687.73 358093.66 633.31
343687.73 358003.66 622.81
343687.73 357913.66 607.35
343687.73 357823.66 582.87
343687.73 357733.66 526.10
343687.73 357643.66 482.61
343687.73 357553.66 460.01
343777.73 363673.66 49.05
343777.73 363583.66 50.85
343777.73 363493.66 49.87
343777.73 363403.66 48.92
343777.73 363313.66 50.90
343777.73 363223.66 54.03
343777.73 363133.66 54.25
343777.73 363043.66 54.26
343777.73 362953.66 52.77
343777.73 362863.66 52.45
343777.73 362773.66 55.65
343777.73 362683.66 60.08
343777.73 362593.66 65.54
343777.73 362503.66 67.42
343777.73 362413.66 62.13
343777.73 362323.66 59.75
343777.73 362233.66 60.58
343777.73 362143.66 62.28
343777.73 362053.66 65.50
343777.73 361963.66 67.58
343777.73 361873.66 68.61
343777.73 361783.66 70.09
343777.73 361693.66 71.73
343777.73 361603.66 73.50
343777.73 361513.66 75.01
343777.73 361423.66 76.92
343777.73 361333.66 80.08
343777.73 361243.66 83.11
343777.73 361153.66 85.53
343777.73 361063.66 89.83
343777.73 360973.66 93.33
343777.73 360883.66 95.83
343777.73 360793.66 102.76
343777.73 360703.66 116.89
343777.73 360613.66 142.10
343777.73 360523.66 150.07
343777.73 360433.66 154.83
343777.73 360343.66 164.78
343777.73 360253.66 172.97
343777.73 360163.66 173.66
343777.73 360073.66 182.38
343777.73 359983.66 195.82
343777.73 359893.66 215.29
343777.73 359803.66 247.99
343777.73 359713.66 284.92
343777.73 359623.66 322.22
343777.73 359533.66 345.10
343777.73 359443.66 370.03
343777.73 359353.66 410.24
343777.73 359263.66 427.33
343777.73 359173.66 401.31
343777.73 359083.66 373.60
343777.73 358993.66 352.29
343777.73 358903.66 359.20
343777.73 358813.66 393.67
343777.73 358723.66 431.43
343777.73 358633.66 460.49
343777.73 358543.66 487.86
343777.73 358453.66 545.72
343777.73 358363.66 592.11
343777.73 358273.66 606.79
343777.73 358183.66 622.66
343777.73 358093.66 631.76
343777.73 358003.66 606.44
343777.73 357913.66 574.07
343777.73 357823.66 552.56
343777.73 357733.66 511.81
343867.73 363673.66 49.13
343867.73 363583.66 51.52
343867.73 363493.66 51.37
343867.73 363403.66 49.73
343867.73 363313.66 50.89
343867.73 363223.66 52.51
343867.73 363133.66 53.78
343867.73 363043.66 57.03
343867.73 362953.66 55.03
343867.73 362863.66 53.35
343867.73 362773.66 55.99
343867.73 362683.66 59.49
343867.73 362593.66 62.68
343867.73 362503.66 61.42
343867.73 362413.66 59.08
343867.73 362323.66 59.45
343867.73 362233.66 61.02
343867.73 362143.66 63.03
343867.73 362053.66 66.03
343867.73 361963.66 68.23
343867.73 361873.66 69.22
343867.73 361783.66 70.41
343867.73 361693.66 71.66
343867.73 361603.66 73.26
343867.73 361513.66 74.70
343867.73 361423.66 76.73
343867.73 361333.66 80.38
343867.73 361243.66 84.96
343867.73 361153.66 89.98
343867.73 361063.66 95.96
343867.73 360973.66 101.13
343867.73 360883.66 102.55
343867.73 360793.66 109.78
343867.73 360703.66 122.54
343867.73 360613.66 164.75
343867.73 360523.66 181.60
343867.73 360433.66 186.78
343867.73 360343.66 194.93
343867.73 360253.66 202.77
343867.73 360163.66 202.47
343867.73 360073.66 209.78
343867.73 359983.66 228.84
343867.73 359893.66 237.02
343867.73 359803.66 270.70
343867.73 359713.66 317.08
343867.73 359623.66 359.12
343867.73 359533.66 379.29
343867.73 359443.66 388.51
343867.73 359353.66 397.41
343867.73 359263.66 384.22
343867.73 359173.66 357.21
343867.73 359083.66 338.59
343867.73 358993.66 335.05
343867.73 358903.66 361.30
343867.73 358813.66 393.20
343867.73 358723.66 424.07
343867.73 358633.66 470.65
343867.73 358543.66 507.14
343867.73 358453.66 564.43
343867.73 358363.66 599.51
343867.73 358273.66 591.22
343867.73 358183.66 587.61
343867.73 358093.66 611.07
343867.73 358003.66 600.83
343867.73 357913.66 563.37
343867.73 357823.66 530.20
343957.73 363673.66 47.64
343957.73 363583.66 50.19
343957.73 363493.66 52.58
343957.73 363403.66 50.90
343957.73 363313.66 51.71
343957.73 363223.66 53.74
343957.73 363133.66 55.64
343957.73 363043.66 58.86
343957.73 362953.66 57.29
343957.73 362863.66 55.05
343957.73 362773.66 55.30
343957.73 362683.66 56.21
343957.73 362593.66 56.66
343957.73 362503.66 57.40
343957.73 362413.66 58.11
343957.73 362323.66 59.44
343957.73 362233.66 61.65
343957.73 362143.66 63.66
343957.73 362053.66 65.98
343957.73 361963.66 67.76
343957.73 361873.66 68.95
343957.73 361783.66 70.20
343957.73 361693.66 71.41
343957.73 361603.66 73.00
343957.73 361513.66 74.55
343957.73 361423.66 76.55
343957.73 361333.66 80.71
343957.73 361243.66 86.45
343957.73 361153.66 93.21
343957.73 361063.66 98.68
343957.73 360973.66 104.93
343957.73 360883.66 106.12
343957.73 360793.66 111.65
343957.73 360703.66 124.67
343957.73 360613.66 178.05
343957.73 360523.66 212.35
343957.73 360433.66 226.25
343957.73 360343.66 233.72
343957.73 360253.66 237.28
343957.73 360163.66 238.72
343957.73 360073.66 248.52
343957.73 359983.66 266.58
343957.73 359893.66 266.34
343957.73 359803.66 293.42
343957.73 359713.66 346.11
343957.73 359623.66 378.25
343957.73 359533.66 376.99
343957.73 359443.66 363.62
343957.73 359353.66 358.54
343957.73 359263.66 341.72
343957.73 359173.66 319.83
343957.73 359083.66 308.78
343957.73 358993.66 326.90
343957.73 358903.66 365.99
343957.73 358813.66 399.89
343957.73 358723.66 431.13
343957.73 358633.66 466.71
343957.73 358543.66 513.91
343957.73 358453.66 569.94
343957.73 358363.66 575.46
343957.73 358273.66 550.98
343957.73 358183.66 546.58
343957.73 358093.66 581.06
343957.73 358003.66 598.11
343957.73 357913.66 573.19
344047.73 363673.66 49.52
344047.73 363583.66 50.89
344047.73 363493.66 53.59
344047.73 363403.66 52.41
344047.73 363313.66 51.30
344047.73 363223.66 54.17
344047.73 363133.66 57.84
344047.73 363043.66 61.31
344047.73 362953.66 60.92
344047.73 362863.66 57.95
344047.73 362773.66 56.44
344047.73 362683.66 56.45
344047.73 362593.66 56.45
344047.73 362503.66 56.91
344047.73 362413.66 57.80
344047.73 362323.66 59.11
344047.73 362233.66 61.29
344047.73 362143.66 62.91
344047.73 362053.66 65.23
344047.73 361963.66 66.81
344047.73 361873.66 68.22
344047.73 361783.66 69.44
344047.73 361693.66 71.03
344047.73 361603.66 72.62
344047.73 361513.66 74.32
344047.73 361423.66 75.98
344047.73 361333.66 79.28
344047.73 361243.66 82.69
344047.73 361153.66 86.56
344047.73 361063.66 91.44
344047.73 360973.66 96.57
344047.73 360883.66 101.84
344047.73 360793.66 107.62
344047.73 360703.66 120.45
344047.73 360613.66 171.40
344047.73 360523.66 213.79
344047.73 360433.66 234.88
344047.73 360343.66 241.94
344047.73 360253.66 243.52
344047.73 360163.66 253.66
344047.73 360073.66 275.40
344047.73 359983.66 298.07
344047.73 359893.66 302.24
344047.73 359803.66 328.67
344047.73 359713.66 364.94
344047.73 359623.66 364.80
344047.73 359533.66 349.33
344047.73 359443.66 323.25
344047.73 359353.66 312.31
344047.73 359263.66 303.51
344047.73 359173.66 289.59
344047.73 359083.66 296.13
344047.73 358993.66 325.10
344047.73 358903.66 353.42
344047.73 358813.66 388.24
344047.73 358723.66 427.91
344047.73 358633.66 458.05
344047.73 358543.66 501.28
344047.73 358453.66 549.32
344047.73 358363.66 550.43
344047.73 358273.66 516.03
344047.73 358183.66 509.62
344047.73 358093.66 543.33
344047.73 358003.66 581.93
344137.73 363673.66 51.56
344137.73 363583.66 51.81
344137.73 363493.66 55.52
344137.73 363403.66 55.49
344137.73 363313.66 53.44
344137.73 363223.66 57.47
344137.73 363133.66 64.78
344137.73 363043.66 66.51
344137.73 362953.66 61.68
344137.73 362863.66 57.07
344137.73 362773.66 58.10
344137.73 362683.66 56.73
344137.73 362593.66 55.38
344137.73 362503.66 56.04
344137.73 362413.66 57.13
344137.73 362323.66 58.42
344137.73 362233.66 60.00
344137.73 362143.66 61.47
344137.73 362053.66 64.17
344137.73 361963.66 66.14
344137.73 361873.66 67.53
344137.73 361783.66 68.65
344137.73 361693.66 70.04
344137.73 361603.66 71.52
344137.73 361513.66 73.19
344137.73 361423.66 74.03
344137.73 361333.66 79.23
344137.73 361243.66 84.13
344137.73 361153.66 87.34
344137.73 361063.66 90.44
344137.73 360973.66 93.18
344137.73 360883.66 100.16
344137.73 360793.66 107.04
344137.73 360703.66 115.01
344137.73 360613.66 144.99
344137.73 360523.66 172.49
344137.73 360433.66 188.82
344137.73 360343.66 193.19
344137.73 360253.66 200.48
344137.73 360163.66 220.70
344137.73 360073.66 248.86
344137.73 359983.66 280.85
344137.73 359893.66 304.38
344137.73 359803.66 320.60
344137.73 359713.66 330.25
344137.73 359623.66 316.32
344137.73 359533.66 298.19
344137.73 359443.66 274.11
344137.73 359353.66 260.15
344137.73 359263.66 261.38
344137.73 359173.66 284.04
344137.73 359083.66 316.07
344137.73 358993.66 341.53
344137.73 358903.66 360.23
344137.73 358813.66 391.83
344137.73 358723.66 427.63
344137.73 358633.66 458.36
344137.73 358543.66 498.97
344137.73 358453.66 505.80
344137.73 358363.66 500.49
344137.73 358273.66 473.07
344137.73 358183.66 468.23
344137.73 358093.66 499.79
344227.73 363583.66 53.32
344227.73 363493.66 57.08
344227.73 363403.66 59.81
344227.73 363313.66 56.07
344227.73 363223.66 56.06
344227.73 363133.66 61.51
344227.73 363043.66 62.16
344227.73 362953.66 56.13
344227.73 362863.66 52.89
344227.73 362773.66 56.15
344227.73 362683.66 55.16
344227.73 362593.66 54.16
344227.73 362503.66 54.84
344227.73 362413.66 55.75
344227.73 362323.66 57.53
344227.73 362233.66 59.75
344227.73 362143.66 61.34
344227.73 362053.66 63.31
344227.73 361963.66 65.15
344227.73 361873.66 66.38
344227.73 361783.66 67.52
344227.73 361693.66 68.57
344227.73 361603.66 70.18
344227.73 361513.66 71.36
344227.73 361423.66 72.05
344227.73 361333.66 80.66
344227.73 361243.66 87.00
344227.73 361153.66 89.78
344227.73 361063.66 92.62
344227.73 360973.66 94.39
344227.73 360883.66 101.87
344227.73 360793.66 108.56
344227.73 360703.66 112.02
344227.73 360613.66 121.00
344227.73 360523.66 132.94
344227.73 360433.66 145.59
344227.73 360343.66 156.55
344227.73 360253.66 171.89
344227.73 360163.66 196.10
344227.73 360073.66 222.22
344227.73 359983.66 252.76
344227.73 359893.66 278.49
344227.73 359803.66 268.59
344227.73 359713.66 263.83
344227.73 359623.66 255.46
344227.73 359533.66 238.70
344227.73 359443.66 225.03
344227.73 359353.66 224.32
344227.73 359263.66 247.41
344227.73 359173.66 310.04
344227.73 359083.66 357.27
344227.73 358993.66 381.21
344227.73 358903.66 404.92
344227.73 358813.66 435.02
344227.73 358723.66 456.02
344227.73 358633.66 478.81
344227.73 358543.66 513.63
344227.73 358453.66 477.55
344227.73 358363.66 441.81
344227.73 358273.66 426.44
344227.73 358183.66 429.40
344317.73 363583.66 51.39
344317.73 363493.66 52.65
344317.73 363403.66 56.38
344317.73 363313.66 53.88
344317.73 363223.66 51.18
344317.73 363133.66 50.54
344317.73 363043.66 50.73
344317.73 362953.66 51.53
344317.73 362863.66 52.31
344317.73 362773.66 52.99
344317.73 362683.66 53.44
344317.73 362593.66 53.99
344317.73 362503.66 54.46
344317.73 362413.66 54.83
344317.73 362323.66 56.06
344317.73 362233.66 58.77
344317.73 362143.66 61.23
344317.73 362053.66 62.77
344317.73 361963.66 64.13
344317.73 361873.66 65.20
344317.73 361783.66 66.31
344317.73 361693.66 67.27
344317.73 361603.66 68.80
344317.73 361513.66 69.30
344317.73 361423.66 71.41
344317.73 361333.66 77.75
344317.73 361243.66 81.31
344317.73 361153.66 83.39
344317.73 361063.66 88.83
344317.73 360973.66 92.83
344317.73 360883.66 103.06
344317.73 360793.66 110.92
344317.73 360703.66 111.22
344317.73 360613.66 119.69
344317.73 360523.66 138.82
344317.73 360433.66 154.56
344317.73 360343.66 171.88
344317.73 360253.66 189.76
344317.73 360163.66 212.41
344317.73 360073.66 241.53
344317.73 359983.66 260.68
344317.73 359893.66 264.36
344317.73 359803.66 238.92
344317.73 359713.66 225.43
344317.73 359623.66 217.54
344317.73 359533.66 203.45
344317.73 359443.66 206.20
344317.73 359353.66 229.32
344317.73 359263.66 270.49
344317.73 359173.66 341.44
344317.73 359083.66 392.74
344317.73 358993.66 412.90
344317.73 358903.66 424.59
344317.73 358813.66 439.72
344317.73 358723.66 461.62
344317.73 358633.66 496.09
344317.73 358543.66 522.90
344317.73 358453.66 474.83
344317.73 358363.66 422.20
344317.73 358273.66 399.62
344407.73 363583.66 48.14
344407.73 363493.66 48.88
344407.73 363403.66 49.77
344407.73 363313.66 50.04
344407.73 363223.66 50.33
344407.73 363133.66 50.65
344407.73 363043.66 51.22
344407.73 362953.66 51.98
344407.73 362863.66 52.25
344407.73 362773.66 53.26
344407.73 362683.66 53.90
344407.73 362593.66 54.24
344407.73 362503.66 54.66
344407.73 362413.66 55.02
344407.73 362323.66 55.43
344407.73 362233.66 56.90
344407.73 362143.66 59.09
344407.73 362053.66 61.22
344407.73 361963.66 62.80
344407.73 361873.66 63.82
344407.73 361783.66 64.67
344407.73 361693.66 65.57
344407.73 361603.66 66.57
344407.73 361513.66 66.89
344407.73 361423.66 70.06
344407.73 361333.66 75.95
344407.73 361243.66 80.07
344407.73 361153.66 82.64
344407.73 361063.66 88.70
344407.73 360973.66 94.58
344407.73 360883.66 102.32
344407.73 360793.66 107.81
344407.73 360703.66 106.64
344407.73 360613.66 121.86
344407.73 360523.66 152.72
344407.73 360433.66 178.64
344407.73 360343.66 197.54
344407.73 360253.66 214.54
344407.73 360163.66 222.06
344407.73 360073.66 237.04
344407.73 359983.66 244.37
344407.73 359893.66 238.96
344407.73 359803.66 216.81
344407.73 359713.66 195.76
344407.73 359623.66 184.19
344407.73 359533.66 182.63
344407.73 359443.66 206.72
344407.73 359353.66 242.40
344407.73 359263.66 285.77
344407.73 359173.66 350.11
344407.73 359083.66 394.30
344407.73 358993.66 396.04
344407.73 358903.66 400.56
344407.73 358813.66 425.40
344407.73 358723.66 471.91
344407.73 358633.66 508.81
344407.73 358543.66 514.27
344407.73 358453.66 464.92
344407.73 358363.66 420.48
344497.73 363583.66 48.35
344497.73 363493.66 49.01
344497.73 363403.66 49.67
344497.73 363313.66 50.26
344497.73 363223.66 50.69
344497.73 363133.66 51.29
344497.73 363043.66 51.95
344497.73 362953.66 52.17
344497.73 362863.66 52.42
344497.73 362773.66 53.41
344497.73 362683.66 53.87
344497.73 362593.66 54.28
344497.73 362503.66 54.94
344497.73 362413.66 55.56
344497.73 362323.66 55.86
344497.73 362233.66 56.29
344497.73 362143.66 57.24
344497.73 362053.66 59.78
344497.73 361963.66 61.61
344497.73 361873.66 62.55
344497.73 361783.66 63.23
344497.73 361693.66 63.93
344497.73 361603.66 64.67
344497.73 361513.66 67.34
344497.73 361423.66 70.61
344497.73 361333.66 74.70
344497.73 361243.66 78.42
344497.73 361153.66 82.48
344497.73 361063.66 88.47
344497.73 360973.66 93.52
344497.73 360883.66 98.82
344497.73 360793.66 100.17
344497.73 360703.66 101.16
344497.73 360613.66 117.36
344497.73 360523.66 144.00
344497.73 360433.66 175.66
344497.73 360343.66 196.48
344497.73 360253.66 207.94
344497.73 360163.66 198.86
344497.73 360073.66 200.33
344497.73 359983.66 211.63
344497.73 359893.66 208.07
344497.73 359803.66 190.98
344497.73 359713.66 170.29
344497.73 359623.66 163.92
344497.73 359533.66 179.70
344497.73 359443.66 214.63
344497.73 359353.66 258.22
344497.73 359263.66 296.75
344497.73 359173.66 329.61
344497.73 359083.66 350.64
344497.73 358993.66 358.32
344497.73 358903.66 382.64
344497.73 358813.66 424.69
344497.73 358723.66 467.54
344497.73 358633.66 503.17
344497.73 358543.66 493.72
344497.73 358453.66 439.23
344587.73 363583.66 48.77
344587.73 363493.66 49.28
344587.73 363403.66 50.03
344587.73 363313.66 50.59
344587.73 363223.66 51.02
344587.73 363133.66 51.75
344587.73 363043.66 52.28
344587.73 362953.66 52.61
344587.73 362863.66 52.77
344587.73 362773.66 53.34
344587.73 362683.66 53.75
344587.73 362593.66 54.23
344587.73 362503.66 55.39
344587.73 362413.66 56.10
344587.73 362323.66 56.18
344587.73 362233.66 56.60
344587.73 362143.66 57.25
344587.73 362053.66 59.16
344587.73 361963.66 60.86
344587.73 361873.66 62.23
344587.73 361783.66 62.86
344587.73 361693.66 63.94
344587.73 361603.66 64.95
344587.73 361513.66 68.41
344587.73 361423.66 71.92
344587.73 361333.66 73.58
344587.73 361243.66 76.12
344587.73 361153.66 80.67
344587.73 361063.66 85.11
344587.73 360973.66 88.45
344587.73 360883.66 92.29
344587.73 360793.66 92.71
344587.73 360703.66 96.40
344587.73 360613.66 111.14
344587.73 360523.66 130.66
344587.73 360433.66 158.03
344587.73 360343.66 175.12
344587.73 360253.66 180.14
344587.73 360163.66 169.17
344587.73 360073.66 168.29
344587.73 359983.66 180.99
344587.73 359893.66 177.02
344587.73 359803.66 159.85
344587.73 359713.66 152.66
344587.73 359623.66 162.05
344587.73 359533.66 190.66
344587.73 359443.66 229.37
344587.73 359353.66 263.08
344587.73 359263.66 281.53
344587.73 359173.66 308.38
344587.73 359083.66 329.09
344587.73 358993.66 347.84
344587.73 358903.66 372.85
344587.73 358813.66 403.47
344587.73 358723.66 434.69
344587.73 358633.66 474.68
344677.73 363583.66 48.14
344677.73 363493.66 49.71
344677.73 363403.66 50.45
344677.73 363313.66 50.79
344677.73 363223.66 51.26
344677.73 363133.66 51.95
344677.73 363043.66 52.43
344677.73 362953.66 52.72
344677.73 362863.66 52.96
344677.73 362773.66 53.54
344677.73 362683.66 53.81
344677.73 362593.66 54.28
344677.73 362503.66 55.85
344677.73 362413.66 56.55
344677.73 362323.66 56.48
344677.73 362233.66 56.63
344677.73 362143.66 57.16
344677.73 362053.66 58.29
344677.73 361963.66 59.77
344677.73 361873.66 61.43
344677.73 361783.66 62.31
344677.73 361693.66 64.58
344677.73 361603.66 65.91
344677.73 361513.66 68.59
344677.73 361423.66 72.47
344677.73 361333.66 75.42
344677.73 361243.66 77.56
344677.73 361153.66 78.36
344677.73 361063.66 79.04
344677.73 360973.66 81.04
344677.73 360883.66 83.26
344677.73 360793.66 85.88
344677.73 360703.66 91.33
344677.73 360613.66 103.53
344677.73 360523.66 116.31
344677.73 360433.66 135.97
344677.73 360343.66 147.26
344677.73 360253.66 151.51
344677.73 360163.66 145.65
344677.73 360073.66 143.98
344677.73 359983.66 153.23
344677.73 359893.66 147.51
344677.73 359803.66 140.60
344677.73 359713.66 150.67
344677.73 359623.66 166.84
344677.73 359533.66 192.68
344677.73 359443.66 222.06
344677.73 359353.66 241.67
344677.73 359263.66 256.12
344677.73 359173.66 313.34
344677.73 359083.66 347.60
344677.73 358993.66 364.77
344677.73 358903.66 378.12
344677.73 358813.66 387.13
344677.73 358723.66 404.86
344767.73 363493.66 50.08
344767.73 363403.66 50.60
344767.73 363313.66 50.96
344767.73 363223.66 51.51
344767.73 363133.66 52.08
344767.73 363043.66 52.71
344767.73 362953.66 53.00
344767.73 362863.66 53.31
344767.73 362773.66 53.71
344767.73 362683.66 53.94
344767.73 362593.66 54.42
344767.73 362503.66 55.86
344767.73 362413.66 56.66
344767.73 362323.66 56.85
344767.73 362233.66 56.81
344767.73 362143.66 57.20
344767.73 362053.66 57.92
344767.73 361963.66 58.81
344767.73 361873.66 59.87
344767.73 361783.66 60.87
344767.73 361693.66 63.37
344767.73 361603.66 64.57
344767.73 361513.66 66.92
344767.73 361423.66 71.43
344767.73 361333.66 74.50
344767.73 361243.66 76.26
344767.73 361153.66 76.89
344767.73 361063.66 77.28
344767.73 360973.66 78.17
344767.73 360883.66 78.76
344767.73 360793.66 81.72
344767.73 360703.66 86.88
344767.73 360613.66 94.16
344767.73 360523.66 99.67
344767.73 360433.66 108.80
344767.73 360343.66 116.16
344767.73 360253.66 120.02
344767.73 360163.66 120.68
344767.73 360073.66 122.75
344767.73 359983.66 127.59
344767.73 359893.66 126.45
344767.73 359803.66 138.24
344767.73 359713.66 159.85
344767.73 359623.66 178.21
344767.73 359533.66 195.95
344767.73 359443.66 216.75
344767.73 359353.66 242.32
344767.73 359263.66 269.04
344767.73 359173.66 340.59
344767.73 359083.66 370.35
344767.73 358993.66 381.46
344767.73 358903.66 378.49
344767.73 358813.66 363.23
344857.73 363493.66 50.09
344857.73 363403.66 50.66
344857.73 363313.66 51.00
344857.73 363223.66 51.52
344857.73 363133.66 51.81
344857.73 363043.66 52.50
344857.73 362953.66 52.93
344857.73 362863.66 53.14
344857.73 362773.66 53.95
344857.73 362683.66 54.22
344857.73 362593.66 54.53
344857.73 362503.66 55.47
344857.73 362413.66 56.58
344857.73 362323.66 56.73
344857.73 362233.66 56.79
344857.73 362143.66 57.14
344857.73 362053.66 57.83
344857.73 361963.66 58.60
344857.73 361873.66 59.04
344857.73 361783.66 59.63
344857.73 361693.66 61.08
344857.73 361603.66 61.76
344857.73 361513.66 62.38
344857.73 361423.66 65.27
344857.73 361333.66 68.16
344857.73 361243.66 69.36
344857.73 361153.66 70.41
344857.73 361063.66 70.94
344857.73 360973.66 71.50
344857.73 360883.66 73.37
344857.73 360793.66 74.58
344857.73 360703.66 77.55
344857.73 360613.66 84.57
344857.73 360523.66 90.10
344857.73 360433.66 97.94
344857.73 360343.66 107.79
344857.73 360253.66 116.16
344857.73 360163.66 122.57
344857.73 360073.66 128.65
344857.73 359983.66 132.36
344857.73 359893.66 141.75
344857.73 359803.66 154.73
344857.73 359713.66 177.21
344857.73 359623.66 200.59
344857.73 359533.66 221.35
344857.73 359443.66 240.18
344857.73 359353.66 258.46
344857.73 359263.66 278.92
344857.73 359173.66 324.68
344857.73 359083.66 347.58
344857.73 358993.66 336.21
344857.73 358903.66 317.24
344947.73 363493.66 49.50
344947.73 363403.66 50.04
344947.73 363313.66 50.43
344947.73 363223.66 51.09
344947.73 363133.66 51.37
344947.73 363043.66 51.75
344947.73 362953.66 52.30
344947.73 362863.66 52.69
344947.73 362773.66 54.10
344947.73 362683.66 54.38
344947.73 362593.66 54.40
344947.73 362503.66 54.91
344947.73 362413.66 55.42
344947.73 362323.66 56.67
344947.73 362233.66 56.60
344947.73 362143.66 56.88
344947.73 362053.66 57.59
344947.73 361963.66 58.32
344947.73 361873.66 58.81
344947.73 361783.66 59.22
344947.73 361693.66 59.76
344947.73 361603.66 60.32
344947.73 361513.66 61.03
344947.73 361423.66 61.58
344947.73 361333.66 63.15
344947.73 361243.66 63.61
344947.73 361153.66 64.62
344947.73 361063.66 64.96
344947.73 360973.66 65.51
344947.73 360883.66 67.52
344947.73 360793.66 68.38
344947.73 360703.66 69.21
344947.73 360613.66 80.62
344947.73 360523.66 93.35
344947.73 360433.66 108.09
344947.73 360343.66 124.95
344947.73 360253.66 141.04
344947.73 360163.66 152.82
344947.73 360073.66 162.69
344947.73 359983.66 160.29
344947.73 359893.66 162.89
344947.73 359803.66 170.58
344947.73 359713.66 182.49
344947.73 359623.66 197.15
344947.73 359533.66 213.97
344947.73 359443.66 226.70
344947.73 359353.66 235.72
344947.73 359263.66 251.67
344947.73 359173.66 269.29
344947.73 359083.66 296.05
344947.73 358993.66 283.37
345037.73 363493.66 49.73
345037.73 363403.66 50.09
345037.73 363313.66 50.35
345037.73 363223.66 51.43
345037.73 363133.66 51.73
345037.73 363043.66 51.87
345037.73 362953.66 52.21
345037.73 362863.66 52.85
345037.73 362773.66 54.07
345037.73 362683.66 54.85
345037.73 362593.66 54.60
345037.73 362503.66 53.91
345037.73 362413.66 52.85
345037.73 362323.66 56.28
345037.73 362233.66 55.73
345037.73 362143.66 55.86
345037.73 362053.66 57.38
345037.73 361963.66 58.78
345037.73 361873.66 59.74
345037.73 361783.66 59.83
345037.73 361693.66 60.76
345037.73 361603.66 60.79
345037.73 361513.66 60.70
345037.73 361423.66 60.74
345037.73 361333.66 60.92
345037.73 361243.66 61.32
345037.73 361153.66 62.54
345037.73 361063.66 63.69
345037.73 360973.66 64.44
345037.73 360883.66 64.94
345037.73 360793.66 65.51
345037.73 360703.66 64.81
345037.73 360613.66 72.58
345037.73 360523.66 82.38
345037.73 360433.66 93.52
345037.73 360343.66 112.05
345037.73 360253.66 132.78
345037.73 360163.66 141.88
345037.73 360073.66 151.31
345037.73 359983.66 143.06
345037.73 359893.66 134.97
345037.73 359803.66 143.70
345037.73 359713.66 149.46
345037.73 359623.66 156.69
345037.73 359533.66 170.58
345037.73 359443.66 185.47
345037.73 359353.66 201.81
345037.73 359263.66 219.77
345037.73 359173.66 239.78
345037.73 359083.66 281.28
345127.73 363493.66 48.46
345127.73 363403.66 49.29
345127.73 363313.66 49.50
345127.73 363223.66 50.72
345127.73 363133.66 51.29
345127.73 363043.66 51.72
345127.73 362953.66 51.92
345127.73 362863.66 52.35
345127.73 362773.66 52.21
345127.73 362683.66 52.43
345127.73 362593.66 52.94
345127.73 362503.66 53.07
345127.73 362413.66 52.48
345127.73 362323.66 55.80
345127.73 362233.66 54.90
345127.73 362143.66 55.08
345127.73 362053.66 55.61
345127.73 361963.66 56.38
345127.73 361873.66 57.21
345127.73 361783.66 57.38
345127.73 361693.66 59.13
345127.73 361603.66 59.17
345127.73 361513.66 59.04
345127.73 361423.66 59.46
345127.73 361333.66 60.09
345127.73 361243.66 60.69
345127.73 361153.66 61.91
345127.73 361063.66 62.91
345127.73 360973.66 63.69
345127.73 360883.66 64.60
345127.73 360793.66 64.55
345127.73 360703.66 64.50
345127.73 360613.66 64.69
345127.73 360523.66 64.87
345127.73 360433.66 66.50
345127.73 360343.66 76.33
345127.73 360253.66 89.98
345127.73 360163.66 93.96
345127.73 360073.66 98.30
345127.73 359983.66 94.63
345127.73 359893.66 91.96
345127.73 359803.66 98.27
345127.73 359713.66 106.73
345127.73 359623.66 117.92
345127.73 359533.66 132.27
345127.73 359443.66 150.61
345127.73 359353.66 172.26
345127.73 359263.66 189.51
345127.73 359173.66 223.73
345217.73 363493.66 47.89
345217.73 363403.66 48.74
345217.73 363313.66 48.90
345217.73 363223.66 49.06
345217.73 363133.66 49.55
345217.73 363043.66 49.99
345217.73 362953.66 49.78
345217.73 362863.66 49.86
345217.73 362773.66 50.44
345217.73 362683.66 51.31
345217.73 362593.66 52.91
345217.73 362503.66 54.40
345217.73 362413.66 55.07
345217.73 362323.66 56.43
345217.73 362233.66 56.20
345217.73 362143.66 56.44
345217.73 362053.66 55.80
345217.73 361963.66 55.60
345217.73 361873.66 56.35
345217.73 361783.66 57.13
345217.73 361693.66 58.48
345217.73 361603.66 58.93
345217.73 361513.66 59.45
345217.73 361423.66 60.54
345217.73 361333.66 62.76
345217.73 361243.66 63.79
345217.73 361153.66 64.04
345217.73 361063.66 64.60
345217.73 360973.66 65.20
345217.73 360883.66 65.82
345217.73 360793.66 66.14
345217.73 360703.66 66.39
345217.73 360613.66 66.80
345217.73 360523.66 67.26
345217.73 360433.66 67.24
345217.73 360343.66 67.27
345217.73 360253.66 67.70
345217.73 360163.66 67.87
345217.73 360073.66 67.84
345217.73 359983.66 68.18
345217.73 359893.66 70.48
345217.73 359803.66 74.98
345217.73 359713.66 80.99
345217.73 359623.66 91.10
345217.73 359533.66 105.82
345217.73 359443.66 125.05
345217.73 359353.66 145.40
345217.73 359263.66 159.79
345307.73 363403.66 49.80
345307.73 363313.66 50.07
345307.73 363223.66 50.26
345307.73 363133.66 50.72
345307.73 363043.66 50.96
345307.73 362953.66 50.64
345307.73 362863.66 50.65
345307.73 362773.66 52.25
345307.73 362683.66 54.64
345307.73 362593.66 55.68
345307.73 362503.66 55.56
345307.73 362413.66 55.79
345307.73 362323.66 56.42
345307.73 362233.66 56.82
345307.73 362143.66 57.24
345307.73 362053.66 58.15
345307.73 361963.66 59.06
345307.73 361873.66 60.19
345307.73 361783.66 60.92
345307.73 361693.66 61.16
345307.73 361603.66 61.28
345307.73 361513.66 61.50
345307.73 361423.66 62.13
345307.73 361333.66 63.13
345307.73 361243.66 63.81
345307.73 361153.66 64.12
345307.73 361063.66 64.71
345307.73 360973.66 65.26
345307.73 360883.66 65.93
345307.73 360793.66 66.62
345307.73 360703.66 66.86
345307.73 360613.66 66.79
345307.73 360523.66 67.59
345307.73 360433.66 68.69
345307.73 360343.66 69.53
345307.73 360253.66 69.70
345307.73 360163.66 68.49
345307.73 360073.66 67.53
345307.73 359983.66 68.06
345307.73 359893.66 69.24
345307.73 359803.66 70.22
345307.73 359713.66 72.30
345307.73 359623.66 77.28
345307.73 359533.66 85.77
345307.73 359443.66 102.32
345397.73 363403.66 49.54
345397.73 363313.66 50.30
345397.73 363223.66 51.31
345397.73 363133.66 52.65
345397.73 363043.66 53.83
345397.73 362953.66 54.21
345397.73 362863.66 53.98
345397.73 362773.66 53.70
345397.73 362683.66 54.57
345397.73 362593.66 55.20
345397.73 362503.66 55.34
345397.73 362413.66 55.52
345397.73 362323.66 56.17
345397.73 362233.66 56.73
345397.73 362143.66 57.04
345397.73 362053.66 58.24
345397.73 361963.66 59.47
345397.73 361873.66 60.45
345397.73 361783.66 60.96
345397.73 361693.66 60.99
345397.73 361603.66 61.27
345397.73 361513.66 61.74
345397.73 361423.66 62.17
345397.73 361333.66 63.50
345397.73 361243.66 64.51
345397.73 361153.66 64.73
345397.73 361063.66 64.90
345397.73 360973.66 65.56
345397.73 360883.66 66.29
345397.73 360793.66 67.01
345397.73 360703.66 67.20
345397.73 360613.66 67.25
345397.73 360523.66 67.34
345397.73 360433.66 67.79
345397.73 360343.66 68.82
345397.73 360253.66 69.42
345397.73 360163.66 69.49
345397.73 360073.66 69.94
345397.73 359983.66 70.79
345397.73 359893.66 70.23
345397.73 359803.66 70.04
345397.73 359713.66 70.91
345397.73 359623.66 71.36
345397.73 359533.66 72.48
345487.73 363403.66 49.88
345487.73 363313.66 50.35
345487.73 363223.66 50.71
345487.73 363133.66 52.17
345487.73 363043.66 53.83
345487.73 362953.66 54.35
345487.73 362863.66 54.35
345487.73 362773.66 54.16
345487.73 362683.66 54.34
345487.73 362593.66 54.97
345487.73 362503.66 55.55
345487.73 362413.66 55.94
345487.73 362323.66 56.55
345487.73 362233.66 57.15
345487.73 362143.66 57.42
345487.73 362053.66 58.77
345487.73 361963.66 60.08
345487.73 361873.66 60.67
345487.73 361783.66 61.16
345487.73 361693.66 61.44
345487.73 361603.66 61.71
345487.73 361513.66 62.03
345487.73 361423.66 62.60
345487.73 361333.66 64.16
345487.73 361243.66 64.96
345487.73 361153.66 65.10
345487.73 361063.66 65.20
345487.73 360973.66 65.70
345487.73 360883.66 66.36
345487.73 360793.66 66.72
345487.73 360703.66 66.98
345487.73 360613.66 67.42
345487.73 360523.66 67.46
345487.73 360433.66 68.18
345487.73 360343.66 69.41
345487.73 360253.66 70.10
345487.73 360163.66 70.24
345487.73 360073.66 70.39
345487.73 359983.66 70.74
345487.73 359893.66 71.99
345487.73 359803.66 72.38
345487.73 359713.66 71.68
345487.73 359623.66 71.03
345577.73 363313.66 51.03
345577.73 363223.66 51.16
345577.73 363133.66 52.06
345577.73 363043.66 53.38
345577.73 362953.66 53.88
345577.73 362863.66 54.01
345577.73 362773.66 54.55
345577.73 362683.66 55.01
345577.73 362593.66 55.47
345577.73 362503.66 55.93
345577.73 362413.66 56.34
345577.73 362323.66 56.91
345577.73 362233.66 57.49
345577.73 362143.66 57.87
345577.73 362053.66 58.93
345577.73 361963.66 59.86
345577.73 361873.66 60.36
345577.73 361783.66 61.22
345577.73 361693.66 61.67
345577.73 361603.66 61.79
345577.73 361513.66 62.24
345577.73 361423.66 63.07
345577.73 361333.66 64.18
345577.73 361243.66 64.75
345577.73 361153.66 64.99
345577.73 361063.66 65.21
345577.73 360973.66 65.77
345577.73 360883.66 66.31
345577.73 360793.66 66.61
345577.73 360703.66 66.95
345577.73 360613.66 67.73
345577.73 360523.66 68.49
345577.73 360433.66 69.40
345577.73 360343.66 70.18
345577.73 360253.66 70.91
345577.73 360163.66 70.96
345577.73 360073.66 71.10
345577.73 359983.66 72.05
345577.73 359893.66 81.65
345577.73 359803.66 81.12
345577.73 359713.66 75.17
345667.73 363313.66 51.41
345667.73 363223.66 51.76
345667.73 363133.66 52.19
345667.73 363043.66 52.83
345667.73 362953.66 53.60
345667.73 362863.66 53.77
345667.73 362773.66 54.44
345667.73 362683.66 55.10
345667.73 362593.66 55.64
345667.73 362503.66 56.05
345667.73 362413.66 56.46
345667.73 362323.66 57.05
345667.73 362233.66 57.56
345667.73 362143.66 58.01
345667.73 362053.66 58.90
345667.73 361963.66 59.68
345667.73 361873.66 60.23
345667.73 361783.66 61.07
345667.73 361693.66 61.53
345667.73 361603.66 61.72
345667.73 361513.66 62.35
345667.73 361423.66 63.02
345667.73 361333.66 63.91
345667.73 361243.66 64.63
345667.73 361153.66 65.01
345667.73 361063.66 65.20
345667.73 360973.66 65.72
345667.73 360883.66 66.22
345667.73 360793.66 66.61
345667.73 360703.66 66.96
345667.73 360613.66 67.97
345667.73 360523.66 68.85
345667.73 360433.66 69.67
345667.73 360343.66 70.33
345667.73 360253.66 71.61
345667.73 360163.66 72.14
345667.73 360073.66 72.50
345667.73 359983.66 73.99
345667.73 359893.66 94.43
345667.73 359803.66 100.03
345757.73 363133.66 52.12
345757.73 363043.66 52.72
345757.73 362953.66 53.63
345757.73 362863.66 53.92
345757.73 362773.66 54.44
345757.73 362683.66 54.98
345757.73 362593.66 55.59
345757.73 362503.66 56.06
345757.73 362413.66 56.48
345757.73 362323.66 57.32
345757.73 362233.66 57.83
345757.73 362143.66 58.18
345757.73 362053.66 59.03
345757.73 361963.66 59.90
345757.73 361873.66 60.48
345757.73 361783.66 61.06
345757.73 361693.66 61.42
345757.73 361603.66 61.78
345757.73 361513.66 62.31
345757.73 361423.66 63.00
345757.73 361333.66 63.81
345757.73 361243.66 64.47
345757.73 361153.66 64.98
345757.73 361063.66 65.14
345757.73 360973.66 65.54
345757.73 360883.66 66.05
345757.73 360793.66 66.49
345757.73 360703.66 66.90
345757.73 360613.66 67.92
345757.73 360523.66 68.70
345757.73 360433.66 69.51
