341773.02 364014.57 47.38
341773.02 363924.57 50.16
341773.02 363834.57 51.12
341773.02 363744.57 52.50
341773.02 363654.57 50.68
341863.02 364824.57 40.97
341863.02 364734.57 42.53
341863.02 364644.57 43.69
341863.02 364554.57 44.31
341863.02 364464.57 47.14
341863.02 364374.57 49.08
341863.02 364284.57 50.11
341863.02 364194.57 48.10
341863.02 364104.57 46.38
341863.02 364014.57 46.75
341863.02 363924.57 48.55
341863.02 363834.57 47.78
341863.02 363744.57 46.62
341863.02 363654.57 47.59
341863.02 363564.57 48.70
341863.02 363474.57 50.83
341863.02 363384.57 52.08
341953.02 365544.57 36.64
341953.02 365454.57 37.29
341953.02 365364.57 36.81
341953.02 365274.57 38.16
341953.02 365184.57 38.42
341953.02 365094.57 38.58
341953.02 365004.57 39.35
341953.02 364914.57 42.43
341953.02 364824.57 45.00
341953.02 364734.57 45.38
341953.02 364644.57 45.72
341953.02 364554.57 46.33
341953.02 364464.57 49.33
341953.02 364374.57 50.78
341953.02 364284.57 50.04
341953.02 364194.57 45.61
341953.02 364104.57 44.79
341953.02 364014.57 45.64
341953.02 363924.57 45.15
341953.02 363834.57 45.83
341953.02 363744.57 45.93
341953.02 363654.57 49.81
341953.02 363564.57 52.53
341953.02 363474.57 55.29
341953.02 363384.57 56.29
341953.02 363294.57 58.94
342043.02 365904.57 37.05
342043.02 365814.57 37.53
342043.02 365724.57 35.87
342043.02 365634.57 38.28
342043.02 365544.57 36.75
342043.02 365454.57 39.91
342043.02 365364.57 37.34
342043.02 365274.57 43.03
342043.02 365184.57 42.67
342043.02 365094.57 40.86
342043.02 365004.57 43.11
342043.02 364914.57 49.74
342043.02 364824.57 54.36
342043.02 364734.57 55.15
342043.02 364644.57 55.12
342043.02 364554.57 53.02
342043.02 364464.57 53.22
342043.02 364374.57 52.26
342043.02 364284.57 46.66
342043.02 364194.57 43.91
342043.02 364104.57 43.33
342043.02 364014.57 43.42
342043.02 363924.57 44.02
342043.02 363834.57 45.44
342043.02 363744.57 45.93
342043.02 363654.57 49.33
342043.02 363564.57 48.04
342043.02 363474.57 51.23
342043.02 363384.57 50.31
342043.02 363294.57 54.46
342133.02 366084.57 36.20
342133.02 365994.57 35.41
342133.02 365904.57 41.40
342133.02 365814.57 42.25
342133.02 365724.57 38.19
342133.02 365634.57 41.31
342133.02 365544.57 38.43
342133.02 365454.57 42.14
342133.02 365364.57 40.07
342133.02 365274.57 43.86
342133.02 365184.57 43.69
342133.02 365094.57 42.09
342133.02 365004.57 41.65
342133.02 364914.57 51.97
342133.02 364824.57 54.56
342133.02 364734.57 57.58
342133.02 364644.57 57.54
342133.02 364554.57 53.70
342133.02 364464.57 49.52
342133.02 364374.57 47.91
342133.02 364284.57 43.00
342133.02 364194.57 43.18
342133.02 364104.57 43.50
342133.02 364014.57 44.19
342133.02 363924.57 45.84
342133.02 363834.57 46.94
342133.02 363744.57 46.50
342133.02 363654.57 45.67
342133.02 363564.57 46.53
342133.02 363474.57 47.71
342133.02 363384.57 48.76
342133.02 363294.57 49.83
342133.02 363204.57 51.21
342223.02 366174.57 33.53
342223.02 366084.57 40.37
342223.02 365994.57 39.51
342223.02 365904.57 36.23
342223.02 365814.57 38.75
342223.02 365724.57 39.04
342223.02 365634.57 39.81
342223.02 365544.57 41.31
342223.02 365454.57 42.29
342223.02 365364.57 44.16
342223.02 365274.57 42.31
342223.02 365184.57 47.56
342223.02 365094.57 47.93
342223.02 365004.57 44.14
342223.02 364914.57 46.17
342223.02 364824.57 49.01
342223.02 364734.57 51.16
342223.02 364644.57 52.25
342223.02 364554.57 52.06
342223.02 364464.57 45.96
342223.02 364374.57 42.39
342223.02 364284.57 41.56
342223.02 364194.57 44.89
342223.02 364104.57 46.23
342223.02 364014.57 47.56
342223.02 363924.57 52.14
342223.02 363834.57 54.08
342223.02 363744.57 50.80
342223.02 363654.57 47.08
342223.02 363564.57 46.55
342223.02 363474.57 48.73
342223.02 363384.57 51.87
342223.02 363294.57 53.47
342223.02 363204.57 53.44
342313.02 366264.57 30.84
342313.02 366174.57 31.71
342313.02 366084.57 38.50
342313.02 365994.57 40.73
342313.02 365904.57 34.49
342313.02 365814.57 32.46
342313.02 365724.57 35.51
342313.02 365634.57 39.65
342313.02 365544.57 44.28
342313.02 365454.57 46.05
342313.02 365364.57 45.54
342313.02 365274.57 45.09
342313.02 365184.57 55.56
342313.02 365094.57 55.26
342313.02 365004.57 52.28
342313.02 364914.57 47.89
342313.02 364824.57 47.90
342313.02 364734.57 50.54
342313.02 364644.57 49.53
342313.02 364554.57 49.72
342313.02 364464.57 44.41
342313.02 364374.57 41.38
342313.02 364284.57 40.98
342313.02 364194.57 48.05
342313.02 364104.57 48.37
342313.02 364014.57 48.91
342313.02 363924.57 50.81
342313.02 363834.57 57.86
342313.02 363744.57 55.14
342313.02 363654.57 50.30
342313.02 363564.57 47.52
342313.02 363474.57 50.63
342313.02 363384.57 54.59
342313.02 363294.57 56.10
342313.02 363204.57 56.89
342403.02 366264.57 30.68
342403.02 366174.57 31.59
342403.02 366084.57 31.86
342403.02 365994.57 32.99
342403.02 365904.57 33.33
342403.02 365814.57 33.15
342403.02 365724.57 33.28
342403.02 365634.57 34.12
342403.02 365544.57 35.32
342403.02 365454.57 52.80
342403.02 365364.57 51.50
342403.02 365274.57 53.18
342403.02 365184.57 54.14
342403.02 365094.57 55.77
342403.02 365004.57 62.18
342403.02 364914.57 49.70
342403.02 364824.57 50.36
342403.02 364734.57 49.24
342403.02 364644.57 44.89
342403.02 364554.57 43.85
342403.02 364464.57 40.79
342403.02 364374.57 40.59
342403.02 364284.57 41.94
342403.02 364194.57 45.95
342403.02 364104.57 48.05
342403.02 364014.57 51.10
342403.02 363924.57 53.65
342403.02 363834.57 54.36
342403.02 363744.57 56.54
342403.02 363654.57 51.37
342403.02 363564.57 50.58
342403.02 363474.57 51.24
342403.02 363384.57 52.78
342403.02 363294.57 53.23
342403.02 363204.57 55.61
342493.02 366264.57 30.99
342493.02 366174.57 31.32
342493.02 366084.57 31.78
342493.02 365994.57 31.90
342493.02 365904.57 32.45
342493.02 365814.57 33.23
342493.02 365724.57 33.42
342493.02 365634.57 33.97
342493.02 365544.57 34.40
342493.02 365454.57 34.46
342493.02 365364.57 47.12
342493.02 365274.57 49.37
342493.02 365184.57 48.51
342493.02 365094.57 50.10
342493.02 365004.57 47.15
342493.02 364914.57 43.73
342493.02 364824.57 46.39
342493.02 364734.57 48.62
342493.02 364644.57 42.94
342493.02 364554.57 40.33
342493.02 364464.57 39.68
342493.02 364374.57 41.50
342493.02 364284.57 42.82
342493.02 364194.57 49.73
342493.02 364104.57 49.23
342493.02 364014.57 51.49
342493.02 363924.57 55.46
342493.02 363834.57 55.58
342493.02 363744.57 55.37
342493.02 363654.57 54.14
342493.02 363564.57 56.90
342493.02 363474.57 56.51
342493.02 363384.57 57.62
342493.02 363294.57 55.96
342493.02 363204.57 58.36
342493.02 363114.57 63.99
342583.02 366264.57 31.37
342583.02 366174.57 31.51
342583.02 366084.57 31.79
342583.02 365994.57 32.50
342583.02 365904.57 32.48
342583.02 365814.57 32.39
342583.02 365724.57 33.25
342583.02 365634.57 33.68
342583.02 365544.57 34.04
342583.02 365454.57 34.76
342583.02 365364.57 45.21
342583.02 365274.57 47.52
342583.02 365184.57 43.98
342583.02 365094.57 46.70
342583.02 365004.57 39.84
342583.02 364914.57 39.58
342583.02 364824.57 45.16
342583.02 364734.57 43.39
342583.02 364644.57 39.15
342583.02 364554.57 39.08
342583.02 364464.57 40.19
342583.02 364374.57 45.10
342583.02 364284.57 45.31
342583.02 364194.57 47.96
342583.02 364104.57 49.62
342583.02 364014.57 53.21
342583.02 363924.57 55.26
342583.02 363834.57 56.19
342583.02 363744.57 58.47
342583.02 363654.57 56.01
342583.02 363564.57 58.95
342583.02 363474.57 53.39
342583.02 363384.57 55.29
342583.02 363294.57 57.15
342583.02 363204.57 59.16
342583.02 363114.57 64.73
342673.02 366264.57 31.77
342673.02 366174.57 31.76
342673.02 366084.57 32.31
342673.02 365994.57 32.79
342673.02 365904.57 33.10
342673.02 365814.57 33.06
342673.02 365724.57 33.77
342673.02 365634.57 33.92
342673.02 365544.57 34.14
342673.02 365454.57 34.92
342673.02 365364.57 35.29
342673.02 365274.57 46.13
342673.02 365184.57 40.38
342673.02 365094.57 36.81
342673.02 365004.57 36.73
342673.02 364914.57 37.08
342673.02 364824.57 37.37
342673.02 364734.57 37.81
342673.02 364644.57 38.20
342673.02 364554.57 39.84
342673.02 364464.57 42.94
342673.02 364374.57 50.90
342673.02 364284.57 51.62
342673.02 364194.57 50.67
342673.02 364104.57 51.07
342673.02 364014.57 52.01
342673.02 363924.57 52.16
342673.02 363834.57 51.82
342673.02 363744.57 54.17
342673.02 363654.57 58.92
342673.02 363564.57 59.65
342673.02 363474.57 55.03
342673.02 363384.57 58.53
342673.02 363294.57 61.37
342673.02 363204.57 63.45
342673.02 363114.57 69.40
342763.02 366264.57 32.00
342763.02 366174.57 32.36
342763.02 366084.57 32.87
342763.02 365994.57 33.21
342763.02 365904.57 33.51
342763.02 365814.57 33.49
342763.02 365724.57 34.23
342763.02 365634.57 34.53
342763.02 365544.57 34.89
342763.02 365454.57 35.15
342763.02 365364.57 35.84
342763.02 365274.57 35.81
342763.02 365184.57 36.14
342763.02 365094.57 36.41
342763.02 365004.57 36.57
342763.02 364914.57 37.17
342763.02 364824.57 37.39
342763.02 364734.57 38.00
342763.02 364644.57 38.75
342763.02 364554.57 41.89
342763.02 364464.57 46.77
342763.02 364374.57 48.09
342763.02 364284.57 50.22
342763.02 364194.57 46.91
342763.02 364104.57 46.89
342763.02 364014.57 48.27
342763.02 363924.57 47.59
342763.02 363834.57 49.90
342763.02 363744.57 51.62
342763.02 363654.57 53.00
342763.02 363564.57 54.90
342763.02 363474.57 59.35
342763.02 363384.57 57.41
342763.02 363294.57 60.08
342763.02 363204.57 63.13
342763.02 363114.57 62.74
342853.02 366174.57 32.73
342853.02 366084.57 33.18
342853.02 365994.57 33.12
342853.02 365904.57 33.24
342853.02 365814.57 33.49
342853.02 365724.57 34.05
342853.02 365634.57 34.88
342853.02 365544.57 35.21
342853.02 365454.57 35.56
342853.02 365364.57 35.82
342853.02 365274.57 36.31
342853.02 365184.57 36.59
342853.02 365094.57 36.59
342853.02 365004.57 36.79
342853.02 364914.57 37.35
342853.02 364824.57 38.89
342853.02 364734.57 39.14
342853.02 364644.57 40.20
342853.02 364554.57 40.51
342853.02 364464.57 41.34
342853.02 364374.57 42.27
342853.02 364284.57 42.35
342853.02 364194.57 44.07
342853.02 364104.57 44.51
342853.02 364014.57 45.18
342853.02 363924.57 45.97
342853.02 363834.57 46.78
342853.02 363744.57 51.26
342853.02 363654.57 53.05
342853.02 363564.57 54.55
342853.02 363474.57 57.89
342853.02 363384.57 56.26
342853.02 363294.57 55.11
342853.02 363204.57 55.17
342853.02 363114.57 57.01
342943.02 366174.57 32.88
342943.02 366084.57 32.99
342943.02 365994.57 32.95
342943.02 365904.57 33.45
342943.02 365814.57 33.86
342943.02 365724.57 34.18
342943.02 365634.57 35.06
342943.02 365544.57 35.50
342943.02 365454.57 35.74
342943.02 365364.57 36.00
342943.02 365274.57 36.44
342943.02 365184.57 36.80
342943.02 365094.57 37.01
342943.02 365004.57 37.07
342943.02 364914.57 37.48
342943.02 364824.57 42.02
342943.02 364734.57 42.84
342943.02 364644.57 44.92
342943.02 364554.57 43.66
342943.02 364464.57 42.10
342943.02 364374.57 41.49
342943.02 364284.57 42.44
342943.02 364194.57 46.31
342943.02 364104.57 45.89
342943.02 364014.57 45.97
342943.02 363924.57 46.44
342943.02 363834.57 48.46
342943.02 363744.57 49.09
342943.02 363654.57 50.57
342943.02 363564.57 52.66
342943.02 363474.57 54.67
342943.02 363384.57 53.41
342943.02 363294.57 52.68
342943.02 363204.57 53.34
342943.02 363114.57 54.78
343033.02 366174.57 33.15
343033.02 366084.57 33.10
343033.02 365994.57 33.03
343033.02 365904.57 33.64
343033.02 365814.57 34.32
343033.02 365724.57 34.65
343033.02 365634.57 35.53
343033.02 365544.57 35.74
343033.02 365454.57 36.01
343033.02 365364.57 36.28
343033.02 365274.57 36.62
343033.02 365184.57 36.91
343033.02 365094.57 37.36
343033.02 365004.57 37.37
343033.02 364914.57 37.64
343033.02 364824.57 39.89
343033.02 364734.57 49.87
343033.02 364644.57 50.36
343033.02 364554.57 51.06
343033.02 364464.57 46.81
343033.02 364374.57 44.03
343033.02 364284.57 45.45
343033.02 364194.57 49.81
343033.02 364104.57 48.25
343033.02 364014.57 48.01
343033.02 363924.57 48.05
343033.02 363834.57 51.24
343033.02 363744.57 51.38
343033.02 363654.57 52.38
343033.02 363564.57 54.98
343033.02 363474.57 58.27
343033.02 363384.57 55.17
343033.02 363294.57 52.48
343033.02 363204.57 50.13
343033.02 363114.57 50.87
343033.02 363024.57 50.21
343123.02 366174.57 33.47
343123.02 366084.57 33.33
343123.02 365994.57 33.22
343123.02 365904.57 33.70
343123.02 365814.57 34.36
343123.02 365724.57 35.02
343123.02 365634.57 36.07
343123.02 365544.57 36.40
343123.02 365454.57 36.55
343123.02 365364.57 36.80
343123.02 365274.57 36.86
343123.02 365184.57 37.34
343123.02 365094.57 37.73
343123.02 365004.57 37.44
343123.02 364914.57 38.13
343123.02 364824.57 38.06
343123.02 364734.57 40.33
343123.02 364644.57 43.41
343123.02 364554.57 52.11
343123.02 364464.57 49.98
343123.02 364374.57 45.92
343123.02 364284.57 47.10
343123.02 364194.57 47.76
343123.02 364104.57 50.56
343123.02 364014.57 51.07
343123.02 363924.57 51.61
343123.02 363834.57 51.96
343123.02 363744.57 52.77
343123.02 363654.57 53.51
343123.02 363564.57 54.09
343123.02 363474.57 54.10
343123.02 363384.57 54.17
343123.02 363294.57 50.82
343123.02 363204.57 48.39
343123.02 363114.57 48.40
343123.02 363024.57 49.04
343213.02 366084.57 33.35
343213.02 365994.57 33.30
343213.02 365904.57 33.92
343213.02 365814.57 34.48
343213.02 365724.57 35.13
343213.02 365634.57 36.51
343213.02 365544.57 36.50
343213.02 365454.57 36.64
343213.02 365364.57 37.39
343213.02 365274.57 37.80
343213.02 365184.57 38.00
343213.02 365094.57 38.21
343213.02 365004.57 38.10
343213.02 364914.57 38.48
343213.02 364824.57 38.37
343213.02 364734.57 38.47
343213.02 364644.57 40.33
343213.02 364554.57 48.42
343213.02 364464.57 51.53
343213.02 364374.57 47.56
343213.02 364284.57 45.33
343213.02 364194.57 47.88
343213.02 364104.57 48.87
343213.02 364014.57 50.88
343213.02 363924.57 54.42
343213.02 363834.57 53.98
343213.02 363744.57 56.07
343213.02 363654.57 56.84
343213.02 363564.57 55.30
343213.02 363474.57 50.11
343213.02 363384.57 48.12
343213.02 363294.57 47.72
343213.02 363204.57 47.63
343213.02 363114.57 48.13
343213.02 363024.57 49.46
343303.02 366084.57 33.31
343303.02 365994.57 33.21
343303.02 365904.57 34.11
343303.02 365814.57 34.68
343303.02 365724.57 35.20
343303.02 365634.57 36.61
343303.02 365544.57 36.58
343303.02 365454.57 36.77
343303.02 365364.57 37.54
343303.02 365274.57 37.94
343303.02 365184.57 38.30
343303.02 365094.57 38.58
343303.02 365004.57 38.82
343303.02 364914.57 39.15
343303.02 364824.57 39.08
343303.02 364734.57 38.83
343303.02 364644.57 38.87
343303.02 364554.57 39.12
343303.02 364464.57 39.68
343303.02 364374.57 40.85
343303.02 364284.57 41.24
343303.02 364194.57 44.86
343303.02 364104.57 46.54
343303.02 364014.57 47.31
343303.02 363924.57 48.30
343303.02 363834.57 53.99
343303.02 363744.57 57.37
343303.02 363654.57 55.73
343303.02 363564.57 55.41
343303.02 363474.57 51.07
343303.02 363384.57 47.46
343303.02 363294.57 46.97
343303.02 363204.57 47.59
343303.02 363114.57 48.60
343303.02 363024.57 53.06
343393.02 366084.57 33.42
343393.02 365994.57 33.49
343393.02 365904.57 34.49
343393.02 365814.57 35.14
343393.02 365724.57 35.49
343393.02 365634.57 36.91
343393.02 365544.57 37.16
343393.02 365454.57 37.53
343393.02 365364.57 37.87
343393.02 365274.57 38.15
343393.02 365184.57 38.43
343393.02 365094.57 38.74
343393.02 365004.57 39.16
343393.02 364914.57 39.72
343393.02 364824.57 39.83
343393.02 364734.57 39.66
343393.02 364644.57 39.52
343393.02 364554.57 39.50
343393.02 364464.57 39.70
343393.02 364374.57 39.96
343393.02 364284.57 40.67
343393.02 364194.57 41.48
343393.02 364104.57 42.59
343393.02 364014.57 46.47
343393.02 363924.57 48.10
343393.02 363834.57 48.55
343393.02 363744.57 49.91
343393.02 363654.57 48.15
343393.02 363564.57 50.66
343393.02 363474.57 46.88
343393.02 363384.57 46.92
343393.02 363294.57 47.16
343393.02 363204.57 47.55
343393.02 363114.57 48.81
343393.02 363024.57 50.76
343483.02 366084.57 34.37
343483.02 365994.57 35.08
343483.02 365904.57 35.42
343483.02 365814.57 35.79
343483.02 365724.57 36.09
343483.02 365634.57 38.47
343483.02 365544.57 38.46
343483.02 365454.57 38.27
343483.02 365364.57 38.73
343483.02 365274.57 39.04
343483.02 365184.57 39.50
343483.02 365094.57 39.43
343483.02 365004.57 39.64
343483.02 364914.57 40.60
343483.02 364824.57 40.82
343483.02 364734.57 40.83
343483.02 364644.57 41.14
343483.02 364554.57 40.54
343483.02 364464.57 40.69
343483.02 364374.57 40.48
343483.02 364284.57 41.33
343483.02 364194.57 41.96
343483.02 364104.57 42.37
343483.02 364014.57 43.06
343483.02 363924.57 43.51
343483.02 363834.57 43.57
343483.02 363744.57 43.86
343483.02 363654.57 44.22
343483.02 363564.57 44.73
343483.02 363474.57 45.77
343483.02 363384.57 47.35
343483.02 363294.57 47.60
343483.02 363204.57 47.96
343483.02 363114.57 48.74
343483.02 363024.57 50.90
343573.02 366084.57 34.84
343573.02 365994.57 35.97
343573.02 365904.57 35.70
343573.02 365814.57 36.22
343573.02 365724.57 36.35
343573.02 365634.57 38.43
343573.02 365544.57 38.53
343573.02 365454.57 38.22
343573.02 365364.57 38.52
343573.02 365274.57 39.24
343573.02 365184.57 39.54
343573.02 365094.57 39.89
343573.02 365004.57 40.03
343573.02 364914.57 41.05
343573.02 364824.57 41.50
343573.02 364734.57 41.42
343573.02 364644.57 41.82
343573.02 364554.57 41.42
343573.02 364464.57 41.33
343573.02 364374.57 40.95
343573.02 364284.57 41.79
343573.02 364194.57 43.00
343573.02 364104.57 42.81
343573.02 364014.57 42.89
343573.02 363924.57 43.31
343573.02 363834.57 43.62
343573.02 363744.57 43.86
343573.02 363654.57 45.06
343573.02 363564.57 45.60
343573.02 363474.57 46.39
343573.02 363384.57 48.05
343573.02 363294.57 48.29
343573.02 363204.57 48.54
343573.02 363114.57 48.68
343573.02 363024.57 49.28
343573.02 362934.57 50.51
343663.02 365994.57 35.46
343663.02 365904.57 35.81
343663.02 365814.57 36.19
343663.02 365724.57 36.59
343663.02 365634.57 38.58
343663.02 365544.57 38.86
343663.02 365454.57 38.53
343663.02 365364.57 38.66
343663.02 365274.57 39.37
343663.02 365184.57 39.88
343663.02 365094.57 40.30
343663.02 365004.57 41.12
343663.02 364914.57 41.57
343663.02 364824.57 41.95
343663.02 364734.57 42.49
343663.02 364644.57 42.26
343663.02 364554.57 42.19
343663.02 364464.57 42.02
343663.02 364374.57 41.47
343663.02 364284.57 41.80
343663.02 364194.57 47.16
343663.02 364104.57 44.61
343663.02 364014.57 43.95
343663.02 363924.57 43.59
343663.02 363834.57 43.75
343663.02 363744.57 44.36
343663.02 363654.57 46.99
343663.02 363564.57 47.74
343663.02 363474.57 48.42
343663.02 363384.57 48.77
343663.02 363294.57 50.02
343663.02 363204.57 50.94
343663.02 363114.57 50.42
343663.02 363024.57 49.95
343663.02 362934.57 50.60
343753.02 365994.57 35.36
343753.02 365904.57 35.70
343753.02 365814.57 36.25
343753.02 365724.57 36.74
343753.02 365634.57 38.56
343753.02 365544.57 39.02
343753.02 365454.57 38.77
343753.02 365364.57 39.07
343753.02 365274.57 39.54
343753.02 365184.57 40.16
343753.02 365094.57 40.96
343753.02 365004.57 41.73
343753.02 364914.57 41.67
343753.02 364824.57 42.30
343753.02 364734.57 42.64
343753.02 364644.57 42.75
343753.02 364554.57 42.87
343753.02 364464.57 43.01
343753.02 364374.57 42.29
343753.02 364284.57 42.07
343753.02 364194.57 49.73
343753.02 364104.57 47.54
343753.02 364014.57 48.34
343753.02 363924.57 45.07
343753.02 363834.57 44.51
343753.02 363744.57 45.64
343753.02 363654.57 49.07
343753.02 363564.57 49.84
343753.02 363474.57 48.99
343753.02 363384.57 48.70
343753.02 363294.57 52.54
343753.02 363204.57 56.47
343753.02 363114.57 54.54
343753.02 363024.57 52.62
343753.02 362934.57 51.67
343843.02 365994.57 35.69
343843.02 365904.57 35.85
343843.02 365814.57 36.19
343843.02 365724.57 36.59
343843.02 365634.57 38.40
343843.02 365544.57 39.08
343843.02 365454.57 39.18
343843.02 365364.57 39.28
343843.02 365274.57 39.53
343843.02 365184.57 39.90
343843.02 365094.57 40.92
343843.02 365004.57 41.49
343843.02 364914.57 41.67
343843.02 364824.57 42.27
343843.02 364734.57 42.66
343843.02 364644.57 42.93
343843.02 364554.57 43.37
343843.02 364464.57 44.40
343843.02 364374.57 42.78
343843.02 364284.57 42.68
343843.02 364194.57 50.68
343843.02 364104.57 50.84
343843.02 364014.57 50.31
343843.02 363924.57 47.93
343843.02 363834.57 45.78
343843.02 363744.57 45.70
343843.02 363654.57 51.35
343843.02 363564.57 52.52
343843.02 363474.57 50.85
343843.02 363384.57 49.08
343843.02 363294.57 50.43
343843.02 363204.57 51.76
343843.02 363114.57 53.39
343843.02 363024.57 57.88
343843.02 362934.57 53.60
343933.02 365994.57 35.70
343933.02 365904.57 36.00
343933.02 365814.57 36.19
343933.02 365724.57 36.69
343933.02 365634.57 37.77
343933.02 365544.57 38.59
343933.02 365454.57 39.19
343933.02 365364.57 39.33
343933.02 365274.57 39.47
343933.02 365184.57 40.02
343933.02 365094.57 40.68
343933.02 365004.57 41.04
343933.02 364914.57 41.68
343933.02 364824.57 41.89
343933.02 364734.57 42.30
343933.02 364644.57 42.77
343933.02 364554.57 43.26
343933.02 364464.57 43.65
343933.02 364374.57 43.37
343933.02 364284.57 43.49
343933.02 364194.57 47.58
343933.02 364104.57 50.95
343933.02 364014.57 52.71
343933.02 363924.57 50.81
343933.02 363834.57 47.41
343933.02 363744.57 46.55
343933.02 363654.57 47.82
343933.02 363564.57 50.53
343933.02 363474.57 52.33
343933.02 363384.57 49.89
343933.02 363294.57 53.05
343933.02 363204.57 54.45
343933.02 363114.57 55.67
343933.02 363024.57 58.64
343933.02 362934.57 55.37
344023.02 365904.57 36.05
344023.02 365814.57 36.40
344023.02 365724.57 36.35
344023.02 365634.57 36.21
344023.02 365544.57 37.81
344023.02 365454.57 36.68
344023.02 365364.57 38.72
344023.02 365274.57 39.29
344023.02 365184.57 39.88
344023.02 365094.57 40.56
344023.02 365004.57 40.92
344023.02 364914.57 41.93
344023.02 364824.57 42.32
344023.02 364734.57 42.91
344023.02 364644.57 43.44
344023.02 364554.57 43.97
344023.02 364464.57 45.67
344023.02 364374.57 43.86
344023.02 364284.57 44.03
344023.02 364194.57 45.64
344023.02 364104.57 48.98
344023.02 364014.57 52.20
344023.02 363924.57 50.83
344023.02 363834.57 48.50
344023.02 363744.57 47.38
344023.02 363654.57 48.97
344023.02 363564.57 51.29
344023.02 363474.57 54.38
344023.02 363384.57 51.07
344023.02 363294.57 51.06
344023.02 363204.57 54.03
344023.02 363114.57 57.53
344023.02 363024.57 61.83
344023.02 362934.57 59.23
344113.02 365904.57 35.38
344113.02 365814.57 35.93
344113.02 365724.57 36.37
344113.02 365634.57 37.08
344113.02 365544.57 38.25
344113.02 365454.57 39.16
344113.02 365364.57 39.15
344113.02 365274.57 39.45
344113.02 365184.57 39.90
344113.02 365094.57 40.64
344113.02 365004.57 40.84
344113.02 364914.57 41.67
344113.02 364824.57 42.22
344113.02 364734.57 42.77
344113.02 364644.57 43.18
344113.02 364554.57 43.75
344113.02 364464.57 43.81
344113.02 364374.57 43.74
344113.02 364284.57 44.36
344113.02 364194.57 45.32
344113.02 364104.57 45.73
344113.02 364014.57 49.90
344113.02 363924.57 51.97
344113.02 363834.57 51.30
344113.02 363744.57 49.86
344113.02 363654.57 52.04
344113.02 363564.57 51.07
344113.02 363474.57 55.28
344113.02 363384.57 53.64
344113.02 363294.57 52.33
344113.02 363204.57 57.84
344113.02 363114.57 62.89
344113.02 363024.57 63.99
344113.02 362934.57 61.81
344113.02 362844.57 58.10
344203.02 365904.57 35.21
344203.02 365814.57 35.74
344203.02 365724.57 36.26
344203.02 365634.57 36.91
344203.02 365544.57 37.21
344203.02 365454.57 38.88
344203.02 365364.57 39.25
344203.02 365274.57 39.84
344203.02 365184.57 39.37
344203.02 365094.57 40.35
344203.02 365004.57 40.53
344203.02 364914.57 41.13
344203.02 364824.57 41.96
344203.02 364734.57 42.70
344203.02 364644.57 43.73
344203.02 364554.57 45.12
344203.02 364464.57 44.27
344203.02 364374.57 44.64
344203.02 364284.57 45.00
344203.02 364194.57 45.29
344203.02 364104.57 45.39
344203.02 364014.57 49.93
344203.02 363924.57 52.92
344203.02 363834.57 55.61
344203.02 363744.57 53.39
344203.02 363654.57 50.94
344203.02 363564.57 53.64
344203.02 363474.57 58.84
344203.02 363384.57 58.56
344203.02 363294.57 54.61
344203.02 363204.57 59.34
344203.02 363114.57 69.17
344203.02 363024.57 67.17
344203.02 362934.57 56.12
344203.02 362844.57 52.73
344293.02 365904.57 34.40
344293.02 365814.57 35.85
344293.02 365724.57 36.25
344293.02 365634.57 36.98
344293.02 365544.57 37.67
344293.02 365454.57 38.88
344293.02 365364.57 39.16
344293.02 365274.57 39.05
344293.02 365184.57 39.18
344293.02 365094.57 39.98
344293.02 365004.57 40.35
344293.02 364914.57 41.31
344293.02 364824.57 41.92
344293.02 364734.57 42.56
344293.02 364644.57 42.89
344293.02 364554.57 43.41
344293.02 364464.57 44.07
344293.02 364374.57 44.89
344293.02 364284.57 45.14
344293.02 364194.57 45.44
344293.02 364104.57 45.77
344293.02 364014.57 46.04
344293.02 363924.57 46.42
344293.02 363834.57 46.71
344293.02 363744.57 48.38
344293.02 363654.57 50.07
344293.02 363564.57 53.89
344293.02 363474.57 54.66
344293.02 363384.57 61.25
344293.02 363294.57 53.88
344293.02 363204.57 51.34
344293.02 363114.57 50.45
344293.02 363024.57 50.83
344293.02 362934.57 51.38
344293.02 362844.57 52.55
344383.02 365904.57 34.57
344383.02 365814.57 36.08
344383.02 365724.57 35.93
344383.02 365634.57 36.83
344383.02 365544.57 38.17
344383.02 365454.57 38.98
344383.02 365364.57 39.06
344383.02 365274.57 38.92
344383.02 365184.57 39.23
344383.02 365094.57 39.79
344383.02 365004.57 40.28
344383.02 364914.57 41.68
344383.02 364824.57 42.10
344383.02 364734.57 42.94
344383.02 364644.57 42.76
344383.02 364554.57 43.20
344383.02 364464.57 43.66
344383.02 364374.57 44.30
344383.02 364284.57 44.64
344383.02 364194.57 45.32
344383.02 364104.57 45.91
344383.02 364014.57 46.52
344383.02 363924.57 46.78
344383.02 363834.57 46.99
344383.02 363744.57 47.45
344383.02 363654.57 47.84
344383.02 363564.57 48.23
344383.02 363474.57 49.01
344383.02 363384.57 50.04
344383.02 363294.57 49.93
344383.02 363204.57 50.33
344383.02 363114.57 50.53
344383.02 363024.57 51.06
344383.02 362934.57 52.32
344383.02 362844.57 52.28
344473.02 365814.57 35.57
344473.02 365724.57 35.67
344473.02 365634.57 36.42
344473.02 365544.57 37.89
344473.02 365454.57 38.50
344473.02 365364.57 38.85
344473.02 365274.57 38.83
344473.02 365184.57 39.14
344473.02 365094.57 39.63
344473.02 365004.57 40.26
344473.02 364914.57 41.40
344473.02 364824.57 41.74
344473.02 364734.57 42.40
344473.02 364644.57 42.74
344473.02 364554.57 43.10
344473.02 364464.57 43.46
344473.02 364374.57 44.05
344473.02 364284.57 44.54
344473.02 364194.57 45.47
344473.02 364104.57 46.12
344473.02 364014.57 46.40
344473.02 363924.57 47.00
344473.02 363834.57 47.27
344473.02 363744.57 47.77
344473.02 363654.57 48.12
344473.02 363564.57 48.22
344473.02 363474.57 49.22
344473.02 363384.57 49.78
344473.02 363294.57 50.30
344473.02 363204.57 50.66
344473.02 363114.57 51.21
344473.02 363024.57 52.02
344473.02 362934.57 51.96
344473.02 362844.57 52.32
344563.02 365814.57 35.59
344563.02 365724.57 35.80
344563.02 365634.57 36.13
344563.02 365544.57 37.11
344563.02 365454.57 38.10
344563.02 365364.57 39.08
344563.02 365274.57 38.97
344563.02 365184.57 38.90
344563.02 365094.57 39.31
344563.02 365004.57 39.89
344563.02 364914.57 41.06
344563.02 364824.57 41.57
344563.02 364734.57 43.04
344563.02 364644.57 43.32
344563.02 364554.57 43.33
344563.02 364464.57 43.53
344563.02 364374.57 44.74
344563.02 364284.57 45.43
344563.02 364194.57 46.00
344563.02 364104.57 46.09
344563.02 364014.57 46.62
344563.02 363924.57 47.36
344563.02 363834.57 47.72
344563.02 363744.57 47.87
344563.02 363654.57 48.66
344563.02 363564.57 48.65
344563.02 363474.57 49.31
344563.02 363384.57 49.94
344563.02 363294.57 50.63
344563.02 363204.57 51.00
344563.02 363114.57 51.92
344563.02 363024.57 52.26
344563.02 362934.57 52.62
344563.02 362844.57 52.82
344653.02 365814.57 35.85
344653.02 365724.57 36.08
344653.02 365634.57 36.37
344653.02 365544.57 37.00
344653.02 365454.57 37.63
344653.02 365364.57 38.47
344653.02 365274.57 39.00
344653.02 365184.57 39.11
344653.02 365094.57 39.61
344653.02 365004.57 40.03
344653.02 364914.57 40.84
344653.02 364824.57 41.45
344653.02 364734.57 42.09
344653.02 364644.57 43.19
344653.02 364554.57 42.95
344653.02 364464.57 43.49
344653.02 364374.57 45.05
344653.02 364284.57 45.46
344653.02 364194.57 46.17
344653.02 364104.57 46.09
344653.02 364014.57 46.56
344653.02 363924.57 47.25
344653.02 363834.57 47.83
344653.02 363744.57 48.06
344653.02 363654.57 47.95
344653.02 363564.57 48.85
344653.02 363474.57 49.81
344653.02 363384.57 50.62
344653.02 363294.57 50.83
344653.02 363204.57 51.33
344653.02 363114.57 52.04
344653.02 363024.57 52.51
344653.02 362934.57 52.78
344653.02 362844.57 52.83
344653.02 362754.57 53.65
344743.02 365724.57 36.17
344743.02 365634.57 36.32
344743.02 365544.57 36.97
344743.02 365454.57 37.91
344743.02 365364.57 38.33
344743.02 365274.57 39.31
344743.02 365184.57 39.09
344743.02 365094.57 39.40
344743.02 365004.57 39.78
344743.02 364914.57 40.59
344743.02 364824.57 41.49
344743.02 364734.57 42.07
344743.02 364644.57 42.94
344743.02 364554.57 42.83
344743.02 364464.57 43.21
344743.02 364374.57 43.92
344743.02 364284.57 45.13
344743.02 364194.57 45.62
344743.02 364104.57 46.12
344743.02 364014.57 46.45
344743.02 363924.57 47.05
344743.02 363834.57 47.80
344743.02 363744.57 48.51
344743.02 363654.57 43.54
344743.02 363564.57 48.56
344743.02 363474.57 50.21
344743.02 363384.57 50.57
344743.02 363294.57 50.91
344743.02 363204.57 51.56
344743.02 363114.57 52.21
344743.02 363024.57 52.64
344743.02 362934.57 52.87
344743.02 362844.57 53.38
344743.02 362754.57 53.78
344833.02 365724.57 34.74
344833.02 365634.57 36.03
344833.02 365544.57 37.51
344833.02 365454.57 38.01
344833.02 365364.57 38.20
344833.02 365274.57 39.50
344833.02 365184.57 39.28
344833.02 365094.57 39.36
344833.02 365004.57 39.79
344833.02 364914.57 40.28
344833.02 364824.57 41.84
344833.02 364734.57 41.81
344833.02 364644.57 42.53
344833.02 364554.57 43.15
344833.02 364464.57 43.15
344833.02 364374.57 43.52
344833.02 364284.57 44.03
344833.02 364194.57 44.93
344833.02 364104.57 45.85
344833.02 364014.57 46.36
344833.02 363924.57 46.55
344833.02 363834.57 47.53
344833.02 363744.57 48.62
344833.02 363654.57 44.48
344833.02 363564.57 48.66
344833.02 363474.57 50.48
344833.02 363384.57 50.77
344833.02 363294.57 51.23
344833.02 363204.57 51.74
344833.02 363114.57 52.03
344833.02 363024.57 53.04
344833.02 362934.57 53.19
344833.02 362844.57 53.34
344833.02 362754.57 53.97
344923.02 365724.57 36.68
344923.02 365634.57 34.15
344923.02 365544.57 38.53
344923.02 365454.57 38.79
344923.02 365364.57 38.21
344923.02 365274.57 38.53
344923.02 365184.57 39.17
344923.02 365094.57 39.45
344923.02 365004.57 39.74
344923.02 364914.57 40.09
344923.02 364824.57 40.99
344923.02 364734.57 41.57
344923.02 364644.57 42.08
344923.02 364554.57 42.99
344923.02 364464.57 43.08
344923.02 364374.57 43.57
344923.02 364284.57 43.96
344923.02 364194.57 44.82
344923.02 364104.57 45.33
344923.02 364014.57 45.92
344923.02 363924.57 46.34
344923.02 363834.57 46.81
344923.02 363744.57 47.34
344923.02 363654.57 47.90
344923.02 363564.57 48.73
344923.02 363474.57 50.01
344923.02 363384.57 50.37
344923.02 363294.57 50.69
344923.02 363204.57 51.37
344923.02 363114.57 51.43
344923.02 363024.57 51.96
344923.02 362934.57 52.49
344923.02 362844.57 52.82
344923.02 362754.57 54.58
345013.02 365724.57 37.24
345013.02 365634.57 35.71
345013.02 365544.57 40.46
345013.02 365454.57 40.57
345013.02 365364.57 38.87
345013.02 365274.57 40.51
345013.02 365184.57 39.45
345013.02 365094.57 39.49
345013.02 365004.57 39.78
345013.02 364914.57 40.35
345013.02 364824.57 40.96
345013.02 364734.57 41.28
345013.02 364644.57 41.83
345013.02 364554.57 42.20
345013.02 364464.57 42.78
345013.02 364374.57 43.33
345013.02 364284.57 43.89
345013.02 364194.57 44.83
345013.02 364104.57 45.31
345013.02 364014.57 45.99
345013.02 363924.57 46.28
345013.02 363834.57 46.81
345013.02 363744.57 47.30
345013.02 363654.57 48.04
345013.02 363564.57 49.26
345013.02 363474.57 49.29
345013.02 363384.57 49.87
345013.02 363294.57 50.23
345013.02 363204.57 51.33
345013.02 363114.57 51.42
345013.02 363024.57 51.80
345013.02 362934.57 52.28
345013.02 362844.57 52.77
345013.02 362754.57 54.39
345103.02 365634.57 38.85
345103.02 365544.57 34.74
345103.02 365454.57 40.98
345103.02 365364.57 39.91
345103.02 365274.57 41.04
345103.02 365184.57 39.73
345103.02 365094.57 39.68
345103.02 365004.57 40.15
345103.02 364914.57 40.83
345103.02 364824.57 41.21
345103.02 364734.57 41.22
345103.02 364644.57 41.83
345103.02 364554.57 41.78
345103.02 364464.57 42.75
345103.02 364374.57 43.58
345103.02 364284.57 44.02
345103.02 364194.57 44.80
345103.02 364104.57 45.26
345103.02 364014.57 46.10
345103.02 363924.57 46.88
345103.02 363834.57 46.73
345103.02 363744.57 47.50
345103.02 363654.57 48.77
345103.02 363564.57 48.97
345103.02 363474.57 49.95
345103.02 363384.57 50.26
345103.02 363294.57 50.22
345103.02 363204.57 52.01
345103.02 363114.57 51.80
345103.02 363024.57 52.10
345103.02 362934.57 52.14
345103.02 362844.57 53.10
345103.02 362754.57 53.44
345193.02 365634.57 38.88
345193.02 365544.57 37.07
345193.02 365454.57 36.84
345193.02 365364.57 39.55
345193.02 365274.57 41.46
345193.02 365184.57 39.83
345193.02 365094.57 39.79
345193.02 365004.57 39.93
345193.02 364914.57 40.76
345193.02 364824.57 41.18
345193.02 364734.57 41.42
345193.02 364644.57 42.01
345193.02 364554.57 42.25
345193.02 364464.57 42.73
345193.02 364374.57 43.15
345193.02 364284.57 43.91
345193.02 364194.57 44.69
345193.02 364104.57 44.73
345193.02 364014.57 45.58
345193.02 363924.57 48.23
345193.02 363834.57 46.21
345193.02 363744.57 45.40
345193.02 363654.57 44.30
345193.02 363564.57 44.42
345193.02 363474.57 47.45
345193.02 363384.57 48.00
345193.02 363294.57 48.50
345193.02 363204.57 49.18
345193.02 363114.57 50.05
345193.02 363024.57 50.85
345193.02 362934.57 50.76
345193.02 362844.57 50.75
345193.02 362754.57 49.89
345193.02 362664.57 49.85
345283.02 365634.57 40.16
345283.02 365544.57 40.28
345283.02 365454.57 36.52
345283.02 365364.57 37.58
345283.02 365274.57 39.20
345283.02 365184.57 39.81
345283.02 365094.57 39.98
345283.02 365004.57 40.15
345283.02 364914.57 40.72
345283.02 364824.57 41.23
345283.02 364734.57 41.63
345283.02 364644.57 42.00
345283.02 364554.57 42.23
345283.02 364464.57 42.90
345283.02 364374.57 43.32
345283.02 364284.57 43.86
345283.02 364194.57 44.80
345283.02 364104.57 44.27
345283.02 364014.57 43.68
345283.02 363924.57 47.71
345283.02 363834.57 43.22
345283.02 363744.57 45.07
345283.02 363654.57 48.55
345283.02 363564.57 49.94
345283.02 363474.57 49.90
345283.02 363384.57 50.15
345283.02 363294.57 49.91
345283.02 363204.57 49.47
345283.02 363114.57 49.71
345283.02 363024.57 49.48
345283.02 362934.57 48.73
345283.02 362844.57 49.27
345283.02 362754.57 52.25
345283.02 362664.57 54.96
345373.02 365544.57 45.30
345373.02 365454.57 40.23
345373.02 365364.57 36.38
345373.02 365274.57 38.17
345373.02 365184.57 40.03
345373.02 365094.57 40.02
345373.02 365004.57 40.24
345373.02 364914.57 41.21
345373.02 364824.57 41.63
345373.02 364734.57 41.70
345373.02 364644.57 42.29
345373.02 364554.57 42.48
345373.02 364464.57 43.00
345373.02 364374.57 43.54
345373.02 364284.57 43.89
345373.02 364194.57 44.86
345373.02 364104.57 45.62
345373.02 364014.57 42.34
345373.02 363924.57 43.01
345373.02 363834.57 48.48
345373.02 363744.57 49.50
345373.02 363654.57 50.13
345373.02 363564.57 49.80
345373.02 363474.57 48.62
345373.02 363384.57 49.64
345373.02 363294.57 50.44
345373.02 363204.57 51.83
345373.02 363114.57 53.04
345373.02 363024.57 53.99
345373.02 362934.57 54.15
345373.02 362844.57 53.69
345373.02 362754.57 53.66
345463.02 365544.57 49.08
345463.02 365454.57 46.55
345463.02 365364.57 38.84
345463.02 365274.57 38.93
345463.02 365184.57 40.87
345463.02 365094.57 40.19
345463.02 365004.57 40.24
345463.02 364914.57 41.16
345463.02 364824.57 41.52
345463.02 364734.57 41.40
345463.02 364644.57 42.10
345463.02 364554.57 42.21
345463.02 364464.57 42.93
345463.02 364374.57 43.64
345463.02 364284.57 44.20
345463.02 364194.57 45.07
345463.02 364104.57 42.12
345463.02 364014.57 44.06
345463.02 363924.57 46.09
345463.02 363834.57 46.99
345463.02 363744.57 47.82
345463.02 363654.57 47.94
345463.02 363564.57 48.15
345463.02 363474.57 49.04
345463.02 363384.57 50.12
345463.02 363294.57 50.37
345463.02 363204.57 50.97
345463.02 363114.57 52.69
345463.02 363024.57 54.19
345463.02 362934.57 54.36
345463.02 362844.57 54.34
345463.02 362754.57 53.82
345553.02 365544.57 51.71
345553.02 365454.57 50.58
345553.02 365364.57 44.17
345553.02 365274.57 37.56
345553.02 365184.57 39.99
345553.02 365094.57 40.35
345553.02 365004.57 40.10
345553.02 364914.57 40.58
345553.02 364824.57 40.96
345553.02 364734.57 41.03
345553.02 364644.57 42.11
345553.02 364554.57 42.18
345553.02 364464.57 42.90
345553.02 364374.57 43.21
345553.02 364284.57 43.58
345553.02 364194.57 42.38
345553.02 364104.57 43.99
345553.02 364014.57 46.23
345553.02 363924.57 46.80
345553.02 363834.57 46.91
345553.02 363744.57 47.65
345553.02 363654.57 47.88
345553.02 363564.57 48.13
345553.02 363474.57 49.11
345553.02 363384.57 50.40
345553.02 363294.57 50.67
345553.02 363204.57 50.76
345553.02 363114.57 52.34
345553.02 363024.57 53.92
345553.02 362934.57 54.16
345553.02 362844.57 54.24
345553.02 362754.57 54.68
345643.02 365544.57 50.72
345643.02 365454.57 51.83
345643.02 365364.57 49.44
345643.02 365274.57 42.33
345643.02 365184.57 42.62
345643.02 365094.57 42.20
345643.02 365004.57 40.97
345643.02 364914.57 39.93
345643.02 364824.57 40.46
345643.02 364734.57 38.64
345643.02 364644.57 43.24
345643.02 364554.57 41.86
345643.02 364464.57 42.75
345643.02 364374.57 41.81
345643.02 364284.57 41.92
345643.02 364194.57 45.69
345643.02 364104.57 47.19
345643.02 364014.57 47.83
345643.02 363924.57 48.10
345643.02 363834.57 48.16
345643.02 363744.57 47.90
345643.02 363654.57 48.26
345643.02 363564.57 49.47
345643.02 363474.57 50.54
345643.02 363384.57 51.21
345643.02 363294.57 51.75
345643.02 363204.57 51.92
345643.02 363114.57 52.31
345643.02 363024.57 53.09
345643.02 362934.57 53.52
345643.02 362844.57 53.68
345733.02 365454.57 50.81
345733.02 365364.57 47.11
345733.02 365274.57 43.46
345733.02 365184.57 44.57
345733.02 365094.57 43.98
345733.02 365004.57 46.52
345733.02 364914.57 44.72
345733.02 364824.57 40.87
345733.02 364734.57 40.18
345733.02 364644.57 43.68
345733.02 364554.57 39.92
345733.02 364464.57 39.91
345733.02 364374.57 41.98
345733.02 364284.57 45.28
345733.02 364194.57 46.23
345733.02 364104.57 47.01
345733.02 364014.57 47.78
345733.02 363924.57 48.28
345733.02 363834.57 48.31
345733.02 363744.57 48.14
345733.02 363654.57 48.50
345733.02 363564.57 49.07
345733.02 363474.57 49.90
345733.02 363384.57 50.51
345733.02 363294.57 51.12
345733.02 363204.57 51.63
345733.02 363114.57 52.26
345733.02 363024.57 52.80
345823.02 365454.57 45.24
345823.02 365364.57 43.38
345823.02 365274.57 47.00
345823.02 365184.57 48.78
345823.02 365094.57 46.33
345823.02 365004.57 47.60
345823.02 364914.57 50.34
345823.02 364824.57 44.00
345823.02 364734.57 43.00
345823.02 364644.57 44.03
345823.02 364554.57 42.19
345823.02 364464.57 43.60
345823.02 364374.57 44.35
345823.02 364284.57 45.84
345823.02 364194.57 46.20
345823.02 364104.57 46.76
345823.02 364014.57 47.57
345823.02 363924.57 48.19
345823.02 363834.57 48.42
345823.02 363744.57 48.33
345823.02 363654.57 48.50
345823.02 363564.57 49.06
345823.02 363474.57 50.02
345823.02 363384.57 50.82
345823.02 363294.57 51.29
345913.02 365454.57 44.61
345913.02 365364.57 39.80
345913.02 365274.57 50.98
345913.02 365184.57 54.87
345913.02 365094.57 52.22
345913.02 365004.57 49.06
345913.02 364914.57 51.35
345913.02 364824.57 45.70
345913.02 364734.57 43.80
345913.02 364644.57 43.66
345913.02 364554.57 42.52
345913.02 364464.57 43.76
345913.02 364374.57 44.58
345913.02 364284.57 44.88
345913.02 364194.57 45.91
345913.02 364104.57 46.65
345913.02 364014.57 47.50
345913.02 363924.57 47.91
345913.02 363834.57 48.11
345913.02 363744.57 48.54
345913.02 363654.57 48.68
346003.02 365364.57 46.19
346003.02 365274.57 49.25
346003.02 365184.57 52.58
346003.02 365094.57 56.03
346003.02 365004.57 54.21
346003.02 364914.57 54.52
346003.02 364824.57 49.02
346003.02 364734.57 44.49
346003.02 364644.57 44.25
346003.02 364554.57 42.56
346003.02 364464.57 43.86
346003.02 364374.57 44.58
346003.02 364284.57 44.22
346003.02 364194.57 45.83
346003.02 364104.57 46.39
346093.02 365274.57 47.44
346093.02 365184.57 47.95
346093.02 365094.57 50.83
346093.02 365004.57 55.73
346093.02 364914.57 54.95
346093.02 364824.57 56.28
346093.02 364734.57 48.59
346093.02 364644.57 45.18
346093.02 364554.57 42.04
346093.02 364464.57 42.11
346183.02 365004.57 50.75
346183.02 364914.57 55.92
346183.02 364824.57 60.51
