336503.03 366219.08 72.82
336503.03 366129.08 67.42
336503.03 366039.08 64.04
336503.03 365949.08 61.14
336503.03 365859.08 53.92
336593.03 366489.08 108.58
336593.03 366399.08 105.37
336593.03 366309.08 98.06
336593.03 366219.08 94.46
336593.03 366129.08 90.67
336593.03 366039.08 84.55
336593.03 365949.08 83.12
336593.03 365859.08 75.76
336593.03 365769.08 68.26
336593.03 365679.08 65.68
336593.03 365589.08 69.51
336593.03 365499.08 75.47
336593.03 365409.08 80.28
336593.03 365319.08 85.28
336683.03 366489.08 125.56
336683.03 366399.08 134.67
336683.03 366309.08 128.05
336683.03 366219.08 121.96
336683.03 366129.08 120.00
336683.03 366039.08 110.93
336683.03 365949.08 111.13
336683.03 365859.08 108.02
336683.03 365769.08 93.78
336683.03 365679.08 81.15
336683.03 365589.08 74.16
336683.03 365499.08 76.56
336683.03 365409.08 79.59
336683.03 365319.08 83.26
336683.03 365229.08 86.24
336683.03 365139.08 92.08
336683.03 365049.08 102.75
336683.03 364959.08 111.09
336683.03 364869.08 121.79
336683.03 364779.08 140.88
336683.03 364689.08 173.03
336773.03 366579.08 123.79
336773.03 366489.08 145.30
336773.03 366399.08 165.68
336773.03 366309.08 168.91
336773.03 366219.08 153.64
336773.03 366129.08 152.08
336773.03 366039.08 142.83
336773.03 365949.08 141.93
336773.03 365859.08 148.89
336773.03 365769.08 127.82
336773.03 365679.08 103.84
336773.03 365589.08 85.33
336773.03 365499.08 79.82
336773.03 365409.08 79.91
336773.03 365319.08 82.30
336773.03 365229.08 85.91
336773.03 365139.08 92.88
336773.03 365049.08 102.65
336773.03 364959.08 111.03
336773.03 364869.08 119.20
336773.03 364779.08 134.57
336773.03 364689.08 165.48
336773.03 364599.08 206.30
336773.03 364509.08 254.21
336773.03 364419.08 278.19
336863.03 366579.08 138.39
336863.03 366489.08 162.19
336863.03 366399.08 187.11
336863.03 366309.08 203.91
336863.03 366219.08 191.77
336863.03 366129.08 190.69
336863.03 366039.08 182.31
336863.03 365949.08 174.56
336863.03 365859.08 185.11
336863.03 365769.08 164.86
336863.03 365679.08 133.68
336863.03 365589.08 103.77
336863.03 365499.08 91.07
336863.03 365409.08 84.65
336863.03 365319.08 83.45
336863.03 365229.08 87.75
336863.03 365139.08 95.54
336863.03 365049.08 103.13
336863.03 364959.08 109.94
336863.03 364869.08 116.32
336863.03 364779.08 128.47
336863.03 364689.08 159.72
336863.03 364599.08 201.56
336863.03 364509.08 251.57
336863.03 364419.08 280.14
336863.03 364329.08 258.62
336953.03 366669.08 103.23
336953.03 366579.08 127.26
336953.03 366489.08 142.55
336953.03 366399.08 167.76
336953.03 366309.08 197.70
336953.03 366219.08 206.52
336953.03 366129.08 211.49
336953.03 366039.08 215.57
336953.03 365949.08 222.36
336953.03 365859.08 235.93
336953.03 365769.08 221.14
336953.03 365679.08 185.62
336953.03 365589.08 150.54
336953.03 365499.08 128.15
336953.03 365409.08 113.80
336953.03 365319.08 110.26
336953.03 365229.08 108.16
336953.03 365139.08 106.83
336953.03 365049.08 106.31
336953.03 364959.08 112.72
336953.03 364869.08 128.60
336953.03 364779.08 146.38
336953.03 364689.08 174.91
336953.03 364599.08 219.85
336953.03 364509.08 253.89
336953.03 364419.08 252.71
336953.03 364329.08 221.62
336953.03 364239.08 183.85
337043.03 366669.08 85.33
337043.03 366579.08 100.31
337043.03 366489.08 108.44
337043.03 366399.08 137.88
337043.03 366309.08 173.56
337043.03 366219.08 184.59
337043.03 366129.08 192.26
337043.03 366039.08 205.38
337043.03 365949.08 230.40
337043.03 365859.08 257.14
337043.03 365769.08 262.23
337043.03 365679.08 234.02
337043.03 365589.08 193.74
337043.03 365499.08 164.80
337043.03 365409.08 147.63
337043.03 365319.08 145.42
337043.03 365229.08 137.59
337043.03 365139.08 129.41
337043.03 365049.08 124.78
337043.03 364959.08 129.06
337043.03 364869.08 147.65
337043.03 364779.08 176.69
337043.03 364689.08 204.40
337043.03 364599.08 237.98
337043.03 364509.08 253.86
337043.03 364419.08 230.06
337043.03 364329.08 195.66
337043.03 364239.08 159.48
337133.03 366759.08 47.04
337133.03 366669.08 62.22
337133.03 366579.08 81.03
337133.03 366489.08 104.56
337133.03 366399.08 131.48
337133.03 366309.08 148.01
337133.03 366219.08 151.22
337133.03 366129.08 159.30
337133.03 366039.08 180.55
337133.03 365949.08 212.25
337133.03 365859.08 243.85
337133.03 365769.08 260.87
337133.03 365679.08 256.27
337133.03 365589.08 229.41
337133.03 365499.08 198.99
337133.03 365409.08 187.14
337133.03 365319.08 187.50
337133.03 365229.08 175.46
337133.03 365139.08 163.18
337133.03 365049.08 158.96
337133.03 364959.08 163.86
337133.03 364869.08 175.64
337133.03 364779.08 201.77
337133.03 364689.08 229.75
337133.03 364599.08 241.47
337133.03 364509.08 233.93
337133.03 364419.08 210.03
337133.03 364329.08 183.47
337133.03 364239.08 155.87
337133.03 364149.08 130.21
337223.03 366759.08 49.33
337223.03 366669.08 69.20
337223.03 366579.08 90.34
337223.03 366489.08 114.56
337223.03 366399.08 128.31
337223.03 366309.08 122.57
337223.03 366219.08 124.22
337223.03 366129.08 139.78
337223.03 366039.08 166.58
337223.03 365949.08 194.67
337223.03 365859.08 217.98
337223.03 365769.08 232.02
337223.03 365679.08 243.96
337223.03 365589.08 242.19
337223.03 365499.08 228.24
337223.03 365409.08 230.63
337223.03 365319.08 233.04
337223.03 365229.08 222.06
337223.03 365139.08 205.52
337223.03 365049.08 195.84
337223.03 364959.08 206.03
337223.03 364869.08 216.86
337223.03 364779.08 223.75
337223.03 364689.08 230.34
337223.03 364599.08 225.90
337223.03 364509.08 209.18
337223.03 364419.08 186.67
337223.03 364329.08 161.06
337223.03 364239.08 140.47
337223.03 364149.08 126.03
337223.03 364059.08 113.32
337313.03 366849.08 28.37
337313.03 366759.08 48.69
337313.03 366669.08 72.43
337313.03 366579.08 88.14
337313.03 366489.08 108.88
337313.03 366399.08 114.32
337313.03 366309.08 101.78
337313.03 366219.08 106.26
337313.03 366129.08 126.48
337313.03 366039.08 150.57
337313.03 365949.08 170.53
337313.03 365859.08 183.19
337313.03 365769.08 192.71
337313.03 365679.08 204.60
337313.03 365589.08 209.92
337313.03 365499.08 211.89
337313.03 365409.08 228.16
337313.03 365319.08 238.46
337313.03 365229.08 232.58
337313.03 365139.08 210.63
337313.03 365049.08 207.31
337313.03 364959.08 226.65
337313.03 364869.08 226.36
337313.03 364779.08 212.86
337313.03 364689.08 201.27
337313.03 364599.08 191.37
337313.03 364509.08 178.17
337313.03 364419.08 165.47
337313.03 364329.08 150.60
337313.03 364239.08 127.58
337313.03 364149.08 104.67
337313.03 364059.08 97.10
337403.03 366849.08 22.01
337403.03 366759.08 37.10
337403.03 366669.08 59.91
337403.03 366579.08 84.39
337403.03 366489.08 106.14
337403.03 366399.08 103.43
337403.03 366309.08 85.71
337403.03 366219.08 93.22
337403.03 366129.08 111.30
337403.03 366039.08 130.57
337403.03 365949.08 143.64
337403.03 365859.08 148.33
337403.03 365769.08 155.93
337403.03 365679.08 164.13
337403.03 365589.08 164.38
337403.03 365499.08 168.93
337403.03 365409.08 190.90
337403.03 365319.08 206.49
337403.03 365229.08 204.94
337403.03 365139.08 189.85
337403.03 365049.08 192.13
337403.03 364959.08 208.87
337403.03 364869.08 202.70
337403.03 364779.08 177.37
337403.03 364689.08 163.91
337403.03 364599.08 155.39
337403.03 364509.08 145.54
337403.03 364419.08 141.84
337403.03 364329.08 134.95
337403.03 364239.08 120.50
337403.03 364149.08 106.14
337403.03 364059.08 96.01
337403.03 363969.08 85.20
337493.03 366939.08 17.20
337493.03 366849.08 19.29
337493.03 366759.08 33.85
337493.03 366669.08 65.96
337493.03 366579.08 100.12
337493.03 366489.08 114.86
337493.03 366399.08 95.87
337493.03 366309.08 73.81
337493.03 366219.08 84.68
337493.03 366129.08 100.88
337493.03 366039.08 113.23
337493.03 365949.08 115.30
337493.03 365859.08 121.22
337493.03 365769.08 126.85
337493.03 365679.08 131.66
337493.03 365589.08 130.05
337493.03 365499.08 135.42
337493.03 365409.08 155.89
337493.03 365319.08 169.02
337493.03 365229.08 172.01
337493.03 365139.08 172.57
337493.03 365049.08 172.53
337493.03 364959.08 174.51
337493.03 364869.08 172.48
337493.03 364779.08 151.59
337493.03 364689.08 134.69
337493.03 364599.08 127.62
337493.03 364509.08 120.25
337493.03 364419.08 120.42
337493.03 364329.08 114.89
337493.03 364239.08 102.76
337493.03 364149.08 102.44
337493.03 364059.08 103.99
337493.03 363969.08 89.62
337583.03 366939.08 17.92
337583.03 366849.08 17.55
337583.03 366759.08 26.71
337583.03 366669.08 53.51
337583.03 366579.08 86.40
337583.03 366489.08 103.21
337583.03 366399.08 84.78
337583.03 366309.08 61.23
337583.03 366219.08 72.28
337583.03 366129.08 87.84
337583.03 366039.08 96.29
337583.03 365949.08 90.40
337583.03 365859.08 97.78
337583.03 365769.08 103.65
337583.03 365679.08 106.17
337583.03 365589.08 105.50
337583.03 365499.08 115.54
337583.03 365409.08 130.63
337583.03 365319.08 138.18
337583.03 365229.08 144.94
337583.03 365139.08 157.49
337583.03 365049.08 158.56
337583.03 364959.08 148.70
337583.03 364869.08 144.61
337583.03 364779.08 132.88
337583.03 364689.08 115.95
337583.03 364599.08 108.06
337583.03 364509.08 104.34
337583.03 364419.08 107.76
337583.03 364329.08 104.91
337583.03 364239.08 88.50
337583.03 364149.08 85.81
337583.03 364059.08 92.04
337583.03 363969.08 87.64
337583.03 363879.08 79.66
337673.03 367029.08 22.49
337673.03 366939.08 20.99
337673.03 366849.08 21.80
337673.03 366759.08 25.51
337673.03 366669.08 35.97
337673.03 366579.08 49.99
337673.03 366489.08 59.15
337673.03 366399.08 54.83
337673.03 366309.08 47.48
337673.03 366219.08 60.08
337673.03 366129.08 75.64
337673.03 366039.08 72.71
337673.03 365949.08 64.52
337673.03 365859.08 68.97
337673.03 365769.08 73.09
337673.03 365679.08 79.71
337673.03 365589.08 89.36
337673.03 365499.08 105.11
337673.03 365409.08 112.63
337673.03 365319.08 107.35
337673.03 365229.08 103.23
337673.03 365139.08 112.07
337673.03 365049.08 120.52
337673.03 364959.08 116.51
337673.03 364869.08 107.52
337673.03 364779.08 106.95
337673.03 364689.08 102.82
337673.03 364599.08 93.11
337673.03 364509.08 89.60
337673.03 364419.08 96.55
337673.03 364329.08 100.07
337673.03 364239.08 86.74
337673.03 364149.08 76.17
337673.03 364059.08 72.96
337673.03 363969.08 71.92
337673.03 363879.08 71.51
337673.03 363789.08 68.08
337763.03 367029.08 24.24
337763.03 366939.08 20.65
337763.03 366849.08 20.83
337763.03 366759.08 21.46
337763.03 366669.08 24.43
337763.03 366579.08 28.34
337763.03 366489.08 33.35
337763.03 366399.08 39.36
337763.03 366309.08 41.41
337763.03 366219.08 48.63
337763.03 366129.08 56.97
337763.03 366039.08 52.71
337763.03 365949.08 47.85
337763.03 365859.08 50.47
337763.03 365769.08 53.11
337763.03 365679.08 65.78
337763.03 365589.08 84.16
337763.03 365499.08 93.35
337763.03 365409.08 92.72
337763.03 365319.08 82.79
337763.03 365229.08 73.84
337763.03 365139.08 78.58
337763.03 365049.08 94.52
337763.03 364959.08 100.87
337763.03 364869.08 92.83
337763.03 364779.08 89.82
337763.03 364689.08 86.88
337763.03 364599.08 84.05
337763.03 364509.08 80.96
337763.03 364419.08 82.15
337763.03 364329.08 87.90
337763.03 364239.08 82.54
337763.03 364149.08 71.26
337763.03 364059.08 66.91
337763.03 363969.08 65.20
337763.03 363879.08 63.67
337763.03 363789.08 60.40
337853.03 367119.08 27.94
337853.03 367029.08 24.13
337853.03 366939.08 19.57
337853.03 366849.08 18.66
337853.03 366759.08 17.73
337853.03 366669.08 19.39
337853.03 366579.08 23.82
337853.03 366489.08 28.42
337853.03 366399.08 33.69
337853.03 366309.08 39.09
337853.03 366219.08 42.71
337853.03 366129.08 43.64
337853.03 366039.08 40.32
337853.03 365949.08 40.60
337853.03 365859.08 47.43
337853.03 365769.08 56.37
337853.03 365679.08 68.19
337853.03 365589.08 75.64
337853.03 365499.08 72.23
337853.03 365409.08 70.07
337853.03 365319.08 64.46
337853.03 365229.08 61.52
337853.03 365139.08 70.82
337853.03 365049.08 87.88
337853.03 364959.08 94.38
337853.03 364869.08 94.24
337853.03 364779.08 92.80
337853.03 364689.08 80.85
337853.03 364599.08 78.52
337853.03 364509.08 76.34
337853.03 364419.08 78.40
337853.03 364329.08 89.43
337853.03 364239.08 81.41
337853.03 364149.08 70.69
337853.03 364059.08 70.67
337853.03 363969.08 65.05
337853.03 363879.08 58.42
337853.03 363789.08 55.45
337853.03 363699.08 55.14
337943.03 367119.08 28.58
337943.03 367029.08 24.89
337943.03 366939.08 21.01
337943.03 366849.08 18.66
337943.03 366759.08 17.73
337943.03 366669.08 18.84
337943.03 366579.08 23.78
337943.03 366489.08 27.69
337943.03 366399.08 27.76
337943.03 366309.08 31.66
337943.03 366219.08 33.88
337943.03 366129.08 35.78
337943.03 366039.08 38.94
337943.03 365949.08 43.47
337943.03 365859.08 50.60
337943.03 365769.08 58.25
337943.03 365679.08 63.61
337943.03 365589.08 64.40
337943.03 365499.08 56.29
337943.03 365409.08 53.30
337943.03 365319.08 53.69
337943.03 365229.08 60.61
337943.03 365139.08 69.87
337943.03 365049.08 82.37
337943.03 364959.08 90.41
337943.03 364869.08 89.43
337943.03 364779.08 89.60
337943.03 364689.08 82.61
337943.03 364599.08 72.91
337943.03 364509.08 69.95
337943.03 364419.08 74.39
337943.03 364329.08 83.27
337943.03 364239.08 77.63
337943.03 364149.08 80.06
337943.03 364059.08 88.62
337943.03 363969.08 76.73
337943.03 363879.08 62.41
337943.03 363789.08 57.28
337943.03 363699.08 53.74
337943.03 363609.08 53.11
338033.03 367209.08 27.99
338033.03 367119.08 29.89
338033.03 367029.08 26.52
338033.03 366939.08 23.41
338033.03 366849.08 18.51
338033.03 366759.08 17.74
338033.03 366669.08 18.32
338033.03 366579.08 23.25
338033.03 366489.08 29.00
338033.03 366399.08 27.28
338033.03 366309.08 26.47
338033.03 366219.08 28.86
338033.03 366129.08 34.93
338033.03 366039.08 43.41
338033.03 365949.08 46.83
338033.03 365859.08 46.99
338033.03 365769.08 51.25
338033.03 365679.08 56.03
338033.03 365589.08 52.92
338033.03 365499.08 46.37
338033.03 365409.08 52.05
338033.03 365319.08 64.20
338033.03 365229.08 74.15
338033.03 365139.08 80.77
338033.03 365049.08 80.54
338033.03 364959.08 85.47
338033.03 364869.08 82.68
338033.03 364779.08 78.54
338033.03 364689.08 77.06
338033.03 364599.08 69.14
338033.03 364509.08 66.01
338033.03 364419.08 67.82
338033.03 364329.08 71.81
338033.03 364239.08 70.99
338033.03 364149.08 76.88
338033.03 364059.08 89.64
338033.03 363969.08 84.68
338033.03 363879.08 66.88
338033.03 363789.08 58.45
338033.03 363699.08 54.04
338033.03 363609.08 52.41
338123.03 367299.08 36.90
338123.03 367209.08 27.61
338123.03 367119.08 27.59
338123.03 367029.08 27.13
338123.03 366939.08 24.07
338123.03 366849.08 18.14
338123.03 366759.08 17.74
338123.03 366669.08 17.94
338123.03 366579.08 22.44
338123.03 366489.08 29.17
338123.03 366399.08 28.08
338123.03 366309.08 26.55
338123.03 366219.08 28.97
338123.03 366129.08 34.97
338123.03 366039.08 42.42
338123.03 365949.08 44.08
338123.03 365859.08 42.37
338123.03 365769.08 43.92
338123.03 365679.08 46.88
338123.03 365589.08 43.40
338123.03 365499.08 38.54
338123.03 365409.08 45.17
338123.03 365319.08 55.97
338123.03 365229.08 69.36
338123.03 365139.08 75.48
338123.03 365049.08 68.86
338123.03 364959.08 77.52
338123.03 364869.08 79.95
338123.03 364779.08 74.91
338123.03 364689.08 71.09
338123.03 364599.08 66.58
338123.03 364509.08 64.47
338123.03 364419.08 66.82
338123.03 364329.08 68.23
338123.03 364239.08 67.87
338123.03 364149.08 75.50
338123.03 364059.08 88.09
338123.03 363969.08 86.43
338123.03 363879.08 68.97
338123.03 363789.08 59.19
338123.03 363699.08 53.98
338123.03 363609.08 51.63
338123.03 363519.08 48.40
338213.03 367299.08 31.46
338213.03 367209.08 27.23
338213.03 367119.08 25.53
338213.03 367029.08 27.08
338213.03 366939.08 23.88
338213.03 366849.08 17.82
338213.03 366759.08 17.73
338213.03 366669.08 17.79
338213.03 366579.08 20.88
338213.03 366489.08 26.07
338213.03 366399.08 26.83
338213.03 366309.08 27.04
338213.03 366219.08 27.60
338213.03 366129.08 30.06
338213.03 366039.08 34.13
338213.03 365949.08 34.77
338213.03 365859.08 33.66
338213.03 365769.08 35.72
338213.03 365679.08 39.37
338213.03 365589.08 38.78
338213.03 365499.08 37.77
338213.03 365409.08 40.24
338213.03 365319.08 42.36
338213.03 365229.08 48.88
338213.03 365139.08 55.27
338213.03 365049.08 55.99
338213.03 364959.08 63.83
338213.03 364869.08 68.18
338213.03 364779.08 68.17
338213.03 364689.08 67.80
338213.03 364599.08 67.30
338213.03 364509.08 65.53
338213.03 364419.08 63.74
338213.03 364329.08 63.00
338213.03 364239.08 66.52
338213.03 364149.08 77.97
338213.03 364059.08 86.33
338213.03 363969.08 82.33
338213.03 363879.08 65.68
338213.03 363789.08 56.25
338213.03 363699.08 52.01
338213.03 363609.08 49.74
338213.03 363519.08 46.12
338303.03 367389.08 35.37
338303.03 367299.08 27.29
338303.03 367209.08 25.68
338303.03 367119.08 23.41
338303.03 367029.08 23.08
338303.03 366939.08 21.52
338303.03 366849.08 17.73
338303.03 366759.08 17.93
338303.03 366669.08 18.56
338303.03 366579.08 19.48
338303.03 366489.08 22.34
338303.03 366399.08 28.64
338303.03 366309.08 31.93
338303.03 366219.08 28.95
338303.03 366129.08 26.72
338303.03 366039.08 26.92
338303.03 365949.08 27.56
338303.03 365859.08 28.09
338303.03 365769.08 30.73
338303.03 365679.08 32.81
338303.03 365589.08 34.14
338303.03 365499.08 35.60
338303.03 365409.08 37.05
338303.03 365319.08 37.99
338303.03 365229.08 39.45
338303.03 365139.08 43.49
338303.03 365049.08 47.56
338303.03 364959.08 53.57
338303.03 364869.08 59.64
338303.03 364779.08 60.99
338303.03 364689.08 64.51
338303.03 364599.08 67.48
338303.03 364509.08 65.47
338303.03 364419.08 61.61
338303.03 364329.08 59.39
338303.03 364239.08 65.05
338303.03 364149.08 75.74
338303.03 364059.08 79.27
338303.03 363969.08 75.13
338303.03 363879.08 62.00
338303.03 363789.08 56.23
338303.03 363699.08 51.40
338303.03 363609.08 49.44
338303.03 363519.08 45.45
338303.03 363429.08 40.67
338393.03 367389.08 28.27
338393.03 367299.08 26.74
338393.03 367209.08 24.30
338393.03 367119.08 23.58
338393.03 367029.08 21.74
338393.03 366939.08 18.90
338393.03 366849.08 17.73
338393.03 366759.08 18.51
338393.03 366669.08 21.66
338393.03 366579.08 24.39
338393.03 366489.08 23.86
338393.03 366399.08 26.07
338393.03 366309.08 28.02
338393.03 366219.08 25.14
338393.03 366129.08 24.99
338393.03 366039.08 24.98
338393.03 365949.08 26.00
338393.03 365859.08 30.54
338393.03 365769.08 35.50
338393.03 365679.08 35.40
338393.03 365589.08 33.63
338393.03 365499.08 35.90
338393.03 365409.08 39.38
338393.03 365319.08 45.88
338393.03 365229.08 45.24
338393.03 365139.08 44.59
338393.03 365049.08 48.55
338393.03 364959.08 54.21
338393.03 364869.08 60.11
338393.03 364779.08 61.26
338393.03 364689.08 63.12
338393.03 364599.08 66.49
338393.03 364509.08 66.46
338393.03 364419.08 62.50
338393.03 364329.08 59.15
338393.03 364239.08 59.01
338393.03 364149.08 62.94
338393.03 364059.08 65.45
338393.03 363969.08 61.87
338393.03 363879.08 59.03
338393.03 363789.08 58.46
338393.03 363699.08 54.13
338393.03 363609.08 53.78
338393.03 363519.08 49.98
338393.03 363429.08 42.59
338393.03 363339.08 39.61
338483.03 367479.08 26.88
338483.03 367389.08 25.92
338483.03 367299.08 26.35
338483.03 367209.08 24.63
338483.03 367119.08 25.47
338483.03 367029.08 23.53
338483.03 366939.08 18.10
338483.03 366849.08 17.93
338483.03 366759.08 19.16
338483.03 366669.08 23.37
338483.03 366579.08 27.78
338483.03 366489.08 27.12
338483.03 366399.08 25.42
338483.03 366309.08 23.60
338483.03 366219.08 22.24
338483.03 366129.08 25.17
338483.03 366039.08 29.35
338483.03 365949.08 29.54
338483.03 365859.08 28.11
338483.03 365769.08 30.53
338483.03 365679.08 32.01
338483.03 365589.08 32.48
338483.03 365499.08 34.06
338483.03 365409.08 36.12
338483.03 365319.08 41.53
338483.03 365229.08 42.96
338483.03 365139.08 42.72
338483.03 365049.08 46.39
338483.03 364959.08 53.41
338483.03 364869.08 61.45
338483.03 364779.08 62.74
338483.03 364689.08 63.56
338483.03 364599.08 66.34
338483.03 364509.08 66.33
338483.03 364419.08 61.52
338483.03 364329.08 58.35
338483.03 364239.08 56.61
338483.03 364149.08 55.48
338483.03 364059.08 54.42
338483.03 363969.08 52.93
338483.03 363879.08 54.19
338483.03 363789.08 54.69
338483.03 363699.08 52.50
338483.03 363609.08 52.77
338483.03 363519.08 50.34
338483.03 363429.08 44.15
338483.03 363339.08 40.93
338573.03 367479.08 27.18
338573.03 367389.08 26.76
338573.03 367299.08 25.11
338573.03 367209.08 24.71
338573.03 367119.08 24.48
338573.03 367029.08 21.84
338573.03 366939.08 17.85
338573.03 366849.08 18.47
338573.03 366759.08 21.19
338573.03 366669.08 25.65
338573.03 366579.08 28.81
338573.03 366489.08 28.40
338573.03 366399.08 25.63
338573.03 366309.08 23.31
338573.03 366219.08 26.62
338573.03 366129.08 28.63
338573.03 366039.08 28.67
338573.03 365949.08 27.56
338573.03 365859.08 25.08
338573.03 365769.08 25.02
338573.03 365679.08 26.41
338573.03 365589.08 28.81
338573.03 365499.08 30.42
338573.03 365409.08 32.95
338573.03 365319.08 37.99
338573.03 365229.08 41.14
338573.03 365139.08 42.16
338573.03 365049.08 44.99
338573.03 364959.08 52.85
338573.03 364869.08 62.04
338573.03 364779.08 64.89
338573.03 364689.08 66.58
338573.03 364599.08 66.73
338573.03 364509.08 64.26
338573.03 364419.08 59.94
338573.03 364329.08 57.44
338573.03 364239.08 55.27
338573.03 364149.08 52.91
338573.03 364059.08 51.14
338573.03 363969.08 50.59
338573.03 363879.08 50.80
338573.03 363789.08 50.49
338573.03 363699.08 48.90
338573.03 363609.08 47.48
338573.03 363519.08 45.60
338573.03 363429.08 42.76
338573.03 363339.08 41.54
338573.03 363249.08 38.60
338663.03 367569.08 29.09
338663.03 367479.08 27.78
338663.03 367389.08 27.89
338663.03 367299.08 24.64
338663.03 367209.08 24.32
338663.03 367119.08 22.41
338663.03 367029.08 18.89
338663.03 366939.08 17.80
338663.03 366849.08 18.86
338663.03 366759.08 22.95
338663.03 366669.08 28.02
338663.03 366579.08 29.45
338663.03 366489.08 28.67
338663.03 366399.08 27.23
338663.03 366309.08 26.25
338663.03 366219.08 27.53
338663.03 366129.08 29.18
338663.03 366039.08 27.12
338663.03 365949.08 25.27
338663.03 365859.08 24.70
338663.03 365769.08 24.57
338663.03 365679.08 25.72
338663.03 365589.08 29.26
338663.03 365499.08 32.25
338663.03 365409.08 36.49
338663.03 365319.08 42.92
338663.03 365229.08 44.26
338663.03 365139.08 43.88
338663.03 365049.08 45.89
338663.03 364959.08 51.08
338663.03 364869.08 59.06
338663.03 364779.08 63.16
338663.03 364689.08 65.14
338663.03 364599.08 64.03
338663.03 364509.08 61.64
338663.03 364419.08 59.87
338663.03 364329.08 57.37
338663.03 364239.08 53.54
338663.03 364149.08 50.84
338663.03 364059.08 49.61
338663.03 363969.08 49.48
338663.03 363879.08 49.81
338663.03 363789.08 49.14
338663.03 363699.08 47.29
338663.03 363609.08 44.74
338663.03 363519.08 41.48
338663.03 363429.08 39.56
338663.03 363339.08 39.82
338663.03 363249.08 37.15
338663.03 363159.08 35.44
338753.03 367569.08 28.96
338753.03 367479.08 26.66
338753.03 367389.08 26.32
338753.03 367299.08 24.43
338753.03 367209.08 24.25
338753.03 367119.08 21.70
338753.03 367029.08 17.83
338753.03 366939.08 18.38
338753.03 366849.08 20.46
338753.03 366759.08 22.67
338753.03 366669.08 25.40
338753.03 366579.08 28.70
338753.03 366489.08 28.74
338753.03 366399.08 27.70
338753.03 366309.08 25.34
338753.03 366219.08 24.98
338753.03 366129.08 28.48
338753.03 366039.08 27.58
338753.03 365949.08 25.73
338753.03 365859.08 24.66
338753.03 365769.08 24.70
338753.03 365679.08 25.99
338753.03 365589.08 29.90
338753.03 365499.08 34.33
338753.03 365409.08 39.76
338753.03 365319.08 45.61
338753.03 365229.08 43.92
338753.03 365139.08 41.34
338753.03 365049.08 43.03
338753.03 364959.08 47.99
338753.03 364869.08 55.81
338753.03 364779.08 58.70
338753.03 364689.08 59.44
338753.03 364599.08 58.70
338753.03 364509.08 58.16
338753.03 364419.08 57.33
338753.03 364329.08 56.03
338753.03 364239.08 52.48
338753.03 364149.08 48.98
338753.03 364059.08 48.23
338753.03 363969.08 48.55
338753.03 363879.08 49.58
338753.03 363789.08 49.37
338753.03 363699.08 47.28
338753.03 363609.08 43.90
338753.03 363519.08 39.64
338753.03 363429.08 36.20
338753.03 363339.08 35.73
338753.03 363249.08 34.30
338753.03 363159.08 32.89
338843.03 367659.08 41.38
338843.03 367569.08 27.92
338843.03 367479.08 26.81
338843.03 367389.08 24.68
338843.03 367299.08 24.34
338843.03 367209.08 25.10
338843.03 367119.08 23.08
338843.03 367029.08 18.13
338843.03 366939.08 19.76
338843.03 366849.08 22.98
338843.03 366759.08 24.95
338843.03 366669.08 25.63
338843.03 366579.08 26.73
338843.03 366489.08 25.22
338843.03 366399.08 25.70
338843.03 366309.08 23.30
338843.03 366219.08 23.76
338843.03 366129.08 28.43
338843.03 366039.08 27.90
338843.03 365949.08 26.27
338843.03 365859.08 24.94
338843.03 365769.08 25.07
338843.03 365679.08 26.31
338843.03 365589.08 29.75
338843.03 365499.08 34.01
338843.03 365409.08 37.75
338843.03 365319.08 40.17
338843.03 365229.08 38.67
338843.03 365139.08 37.39
338843.03 365049.08 39.14
338843.03 364959.08 43.57
338843.03 364869.08 51.09
338843.03 364779.08 54.33
338843.03 364689.08 55.94
338843.03 364599.08 56.25
338843.03 364509.08 55.24
338843.03 364419.08 53.91
338843.03 364329.08 52.89
338843.03 364239.08 50.60
338843.03 364149.08 47.72
338843.03 364059.08 47.06
338843.03 363969.08 47.72
338843.03 363879.08 49.39
338843.03 363789.08 49.47
338843.03 363699.08 47.19
338843.03 363609.08 43.70
338843.03 363519.08 39.44
338843.03 363429.08 35.04
338843.03 363339.08 34.09
338843.03 363249.08 33.53
338843.03 363159.08 33.20
338843.03 363069.08 32.78
338933.03 367659.08 30.67
338933.03 367569.08 27.25
338933.03 367479.08 27.60
338933.03 367389.08 24.29
338933.03 367299.08 25.05
338933.03 367209.08 24.42
338933.03 367119.08 20.30
338933.03 367029.08 18.78
338933.03 366939.08 21.82
338933.03 366849.08 25.83
338933.03 366759.08 27.37
338933.03 366669.08 24.76
338933.03 366579.08 23.54
338933.03 366489.08 24.12
338933.03 366399.08 25.01
338933.03 366309.08 23.21
338933.03 366219.08 23.50
338933.03 366129.08 28.33
338933.03 366039.08 27.96
338933.03 365949.08 27.23
338933.03 365859.08 27.08
338933.03 365769.08 26.39
338933.03 365679.08 25.94
338933.03 365589.08 27.67
338933.03 365499.08 29.81
338933.03 365409.08 30.90
338933.03 365319.08 31.57
338933.03 365229.08 32.18
338933.03 365139.08 33.32
338933.03 365049.08 35.38
338933.03 364959.08 41.09
338933.03 364869.08 50.46
338933.03 364779.08 55.41
338933.03 364689.08 57.77
338933.03 364599.08 57.90
338933.03 364509.08 55.52
338933.03 364419.08 53.74
338933.03 364329.08 52.40
338933.03 364239.08 50.03
338933.03 364149.08 47.43
338933.03 364059.08 46.30
338933.03 363969.08 46.57
338933.03 363879.08 48.70
338933.03 363789.08 48.90
338933.03 363699.08 47.54
338933.03 363609.08 44.98
338933.03 363519.08 40.92
338933.03 363429.08 37.52
338933.03 363339.08 36.70
338933.03 363249.08 35.67
338933.03 363159.08 35.83
338933.03 363069.08 36.07
339023.03 367749.08 31.43
339023.03 367659.08 25.65
339023.03 367569.08 26.55
339023.03 367479.08 26.66
339023.03 367389.08 24.42
339023.03 367299.08 23.69
339023.03 367209.08 20.40
339023.03 367119.08 18.54
339023.03 367029.08 20.67
339023.03 366939.08 24.78
339023.03 366849.08 26.63
339023.03 366759.08 23.27
339023.03 366669.08 22.41
339023.03 366579.08 23.83
339023.03 366489.08 24.83
339023.03 366399.08 24.87
339023.03 366309.08 23.20
339023.03 366219.08 23.53
339023.03 366129.08 28.43
339023.03 366039.08 28.17
339023.03 365949.08 27.89
339023.03 365859.08 28.65
339023.03 365769.08 27.29
339023.03 365679.08 25.78
339023.03 365589.08 26.09
339023.03 365499.08 26.90
339023.03 365409.08 27.66
339023.03 365319.08 28.55
339023.03 365229.08 30.13
339023.03 365139.08 32.13
339023.03 365049.08 33.77
339023.03 364959.08 40.97
339023.03 364869.08 53.05
339023.03 364779.08 58.34
339023.03 364689.08 58.94
339023.03 364599.08 58.97
339023.03 364509.08 57.59
339023.03 364419.08 56.50
339023.03 364329.08 54.58
339023.03 364239.08 50.64
339023.03 364149.08 46.58
339023.03 364059.08 44.55
339023.03 363969.08 44.26
339023.03 363879.08 45.76
339023.03 363789.08 46.29
339023.03 363699.08 47.02
339023.03 363609.08 46.40
339023.03 363519.08 43.28
339023.03 363429.08 40.80
339023.03 363339.08 39.77
339023.03 363249.08 38.53
339023.03 363159.08 38.71
339023.03 363069.08 38.61
339023.03 362979.08 37.80
339113.03 367749.08 29.25
339113.03 367659.08 31.16
339113.03 367569.08 32.28
339113.03 367479.08 30.39
339113.03 367389.08 24.62
339113.03 367299.08 19.57
339113.03 367209.08 17.99
339113.03 367119.08 19.89
339113.03 367029.08 23.81
339113.03 366939.08 25.45
339113.03 366849.08 25.47
339113.03 366759.08 23.19
339113.03 366669.08 23.22
339113.03 366579.08 24.60
339113.03 366489.08 25.16
339113.03 366399.08 25.15
339113.03 366309.08 23.79
339113.03 366219.08 24.58
339113.03 366129.08 29.09
339113.03 366039.08 28.56
339113.03 365949.08 27.15
339113.03 365859.08 27.09
339113.03 365769.08 27.17
339113.03 365679.08 26.86
339113.03 365589.08 26.91
339113.03 365499.08 28.54
339113.03 365409.08 30.45
339113.03 365319.08 34.83
339113.03 365229.08 38.39
339113.03 365139.08 38.57
339113.03 365049.08 37.85
339113.03 364959.08 40.09
339113.03 364869.08 47.59
339113.03 364779.08 52.44
339113.03 364689.08 55.11
339113.03 364599.08 55.79
339113.03 364509.08 54.87
339113.03 364419.08 54.51
339113.03 364329.08 52.91
339113.03 364239.08 49.55
339113.03 364149.08 46.49
339113.03 364059.08 44.18
339113.03 363969.08 41.81
339113.03 363879.08 42.30
339113.03 363789.08 43.88
339113.03 363699.08 45.79
339113.03 363609.08 45.96
339113.03 363519.08 43.06
339113.03 363429.08 41.03
339113.03 363339.08 41.36
339113.03 363249.08 42.30
339113.03 363159.08 42.12
339113.03 363069.08 40.40
339113.03 362979.08 41.30
339113.03 362889.08 41.67
339203.03 367839.08 28.83
339203.03 367749.08 29.12
339203.03 367659.08 30.82
339203.03 367569.08 32.38
339203.03 367479.08 29.48
339203.03 367389.08 22.56
339203.03 367299.08 17.77
339203.03 367209.08 17.80
339203.03 367119.08 21.04
339203.03 367029.08 25.74
339203.03 366939.08 25.01
339203.03 366849.08 24.81
339203.03 366759.08 24.63
339203.03 366669.08 24.38
339203.03 366579.08 24.49
339203.03 366489.08 24.68
339203.03 366399.08 24.68
339203.03 366309.08 24.07
339203.03 366219.08 25.32
339203.03 366129.08 29.05
339203.03 366039.08 28.62
339203.03 365949.08 26.94
339203.03 365859.08 26.75
339203.03 365769.08 27.66
339203.03 365679.08 27.56
339203.03 365589.08 26.93
339203.03 365499.08 29.72
339203.03 365409.08 32.95
339203.03 365319.08 38.24
339203.03 365229.08 42.97
339203.03 365139.08 46.38
339203.03 365049.08 51.85
339203.03 364959.08 48.45
339203.03 364869.08 44.09
339203.03 364779.08 46.92
339203.03 364689.08 50.61
339203.03 364599.08 52.97
339203.03 364509.08 52.36
339203.03 364419.08 51.98
339203.03 364329.08 51.34
339203.03 364239.08 48.62
339203.03 364149.08 46.35
339203.03 364059.08 44.02
339203.03 363969.08 40.61
339203.03 363879.08 40.11
339203.03 363789.08 41.24
339203.03 363699.08 44.01
339203.03 363609.08 45.27
339203.03 363519.08 41.59
339203.03 363429.08 38.53
339203.03 363339.08 39.23
339203.03 363249.08 41.35
339203.03 363159.08 41.68
339203.03 363069.08 39.76
339203.03 362979.08 40.69
339203.03 362889.08 42.03
339293.03 367839.08 28.58
339293.03 367749.08 27.91
339293.03 367659.08 28.19
339293.03 367569.08 28.85
339293.03 367479.08 25.05
339293.03 367389.08 19.74
339293.03 367299.08 17.77
339293.03 367209.08 18.43
339293.03 367119.08 21.79
339293.03 367029.08 25.30
339293.03 366939.08 24.94
339293.03 366849.08 24.78
339293.03 366759.08 24.35
339293.03 366669.08 24.41
339293.03 366579.08 24.89
339293.03 366489.08 24.70
339293.03 366399.08 24.95
339293.03 366309.08 24.17
339293.03 366219.08 25.39
339293.03 366129.08 28.40
339293.03 366039.08 28.39
339293.03 365949.08 27.27
339293.03 365859.08 27.94
339293.03 365769.08 30.15
339293.03 365679.08 29.80
339293.03 365589.08 27.39
339293.03 365499.08 31.04
339293.03 365409.08 34.94
339293.03 365319.08 38.86
339293.03 365229.08 42.04
339293.03 365139.08 46.15
339293.03 365049.08 53.54
339293.03 364959.08 53.84
339293.03 364869.08 48.90
339293.03 364779.08 49.07
339293.03 364689.08 50.61
339293.03 364599.08 51.06
339293.03 364509.08 50.33
339293.03 364419.08 49.46
339293.03 364329.08 48.23
339293.03 364239.08 45.86
339293.03 364149.08 43.90
339293.03 364059.08 42.30
339293.03 363969.08 40.47
339293.03 363879.08 39.52
339293.03 363789.08 38.68
339293.03 363699.08 40.04
339293.03 363609.08 41.23
339293.03 363519.08 39.40
339293.03 363429.08 36.99
339293.03 363339.08 37.39
339293.03 363249.08 39.22
339293.03 363159.08 39.78
339293.03 363069.08 38.12
339293.03 362979.08 38.26
339293.03 362889.08 40.03
339293.03 362799.08 40.20
339383.03 367839.08 27.78
339383.03 367749.08 27.50
339383.03 367659.08 26.93
339383.03 367569.08 25.71
339383.03 367479.08 22.62
339383.03 367389.08 18.56
339383.03 367299.08 17.77
339383.03 367209.08 19.63
339383.03 367119.08 23.51
339383.03 367029.08 25.11
339383.03 366939.08 25.10
339383.03 366849.08 24.89
339383.03 366759.08 24.73
339383.03 366669.08 24.42
339383.03 366579.08 24.68
339383.03 366489.08 24.70
339383.03 366399.08 25.35
339383.03 366309.08 24.83
339383.03 366219.08 25.35
339383.03 366129.08 27.93
339383.03 366039.08 28.21
339383.03 365949.08 27.45
339383.03 365859.08 30.02
339383.03 365769.08 34.76
339383.03 365679.08 33.27
339383.03 365589.08 29.16
339383.03 365499.08 31.78
339383.03 365409.08 35.24
339383.03 365319.08 39.92
339383.03 365229.08 42.53
339383.03 365139.08 48.05
339383.03 365049.08 53.81
339383.03 364959.08 55.50
339383.03 364869.08 55.42
339383.03 364779.08 52.74
339383.03 364689.08 50.84
339383.03 364599.08 49.63
339383.03 364509.08 48.51
339383.03 364419.08 47.09
339383.03 364329.08 45.79
339383.03 364239.08 44.36
339383.03 364149.08 42.47
339383.03 364059.08 41.65
339383.03 363969.08 40.44
339383.03 363879.08 38.95
339383.03 363789.08 37.60
339383.03 363699.08 37.17
339383.03 363609.08 36.89
339383.03 363519.08 36.15
339383.03 363429.08 35.16
339383.03 363339.08 35.65
339383.03 363249.08 37.25
339383.03 363159.08 37.41
339383.03 363069.08 35.72
339383.03 362979.08 36.25
339383.03 362889.08 37.98
339383.03 362799.08 37.44
339383.03 362709.08 36.55
339473.03 367749.08 28.45
339473.03 367659.08 27.93
339473.03 367569.08 24.12
339473.03 367479.08 21.81
339473.03 367389.08 18.06
339473.03 367299.08 17.81
339473.03 367209.08 21.02
339473.03 367119.08 25.61
339473.03 367029.08 25.13
339473.03 366939.08 25.01
339473.03 366849.08 24.80
339473.03 366759.08 25.01
339473.03 366669.08 24.95
339473.03 366579.08 24.65
339473.03 366489.08 24.62
339473.03 366399.08 24.89
339473.03 366309.08 25.02
339473.03 366219.08 25.60
339473.03 366129.08 27.81
339473.03 366039.08 28.53
339473.03 365949.08 27.47
339473.03 365859.08 31.77
339473.03 365769.08 38.47
339473.03 365679.08 36.16
339473.03 365589.08 31.32
339473.03 365499.08 31.40
339473.03 365409.08 33.91
339473.03 365319.08 38.30
339473.03 365229.08 42.53
339473.03 365139.08 47.05
339473.03 365049.08 52.66
339473.03 364959.08 57.63
339473.03 364869.08 58.47
339473.03 364779.08 55.61
339473.03 364689.08 53.48
339473.03 364599.08 51.86
339473.03 364509.08 49.49
339473.03 364419.08 48.02
339473.03 364329.08 48.56
339473.03 364239.08 47.20
339473.03 364149.08 44.17
339473.03 364059.08 43.49
339473.03 363969.08 41.26
339473.03 363879.08 38.86
339473.03 363789.08 37.49
339473.03 363699.08 36.46
339473.03 363609.08 35.47
339473.03 363519.08 34.34
339473.03 363429.08 33.54
339473.03 363339.08 33.23
339473.03 363249.08 33.46
339473.03 363159.08 33.40
339473.03 363069.08 32.76
339473.03 362979.08 33.65
339473.03 362889.08 34.65
339473.03 362799.08 34.36
339473.03 362709.08 35.74
339563.03 367749.08 29.55
339563.03 367659.08 29.30
339563.03 367569.08 24.84
339563.03 367479.08 22.71
339563.03 367389.08 17.79
339563.03 367299.08 18.86
339563.03 367209.08 23.29
339563.03 367119.08 26.61
339563.03 367029.08 25.09
339563.03 366939.08 25.00
339563.03 366849.08 24.96
339563.03 366759.08 24.94
339563.03 366669.08 24.99
339563.03 366579.08 24.82
339563.03 366489.08 24.63
339563.03 366399.08 24.56
339563.03 366309.08 24.73
339563.03 366219.08 25.31
339563.03 366129.08 27.23
339563.03 366039.08 28.23
339563.03 365949.08 27.24
339563.03 365859.08 30.92
339563.03 365769.08 38.09
339563.03 365679.08 38.19
339563.03 365589.08 34.44
339563.03 365499.08 32.53
339563.03 365409.08 35.01
339563.03 365319.08 38.32
339563.03 365229.08 40.89
339563.03 365139.08 43.70
339563.03 365049.08 47.90
339563.03 364959.08 54.99
339563.03 364869.08 58.56
339563.03 364779.08 57.79
339563.03 364689.08 55.74
339563.03 364599.08 53.61
339563.03 364509.08 52.81
339563.03 364419.08 51.53
339563.03 364329.08 52.38
339563.03 364239.08 51.25
339563.03 364149.08 48.24
339563.03 364059.08 47.53
339563.03 363969.08 44.23
339563.03 363879.08 41.75
339563.03 363789.08 39.03
339563.03 363699.08 37.70
339563.03 363609.08 36.18
339563.03 363519.08 34.32
339563.03 363429.08 33.21
339563.03 363339.08 32.46
339563.03 363249.08 31.76
339563.03 363159.08 31.35
339563.03 363069.08 30.91
339563.03 362979.08 30.88
339563.03 362889.08 31.17
339563.03 362799.08 32.07
339563.03 362709.08 33.76
339563.03 362619.08 32.43
339653.03 367749.08 26.98
339653.03 367659.08 28.63
339653.03 367569.08 23.75
339653.03 367479.08 20.01
339653.03 367389.08 17.75
339653.03 367299.08 20.35
339653.03 367209.08 25.23
339653.03 367119.08 25.98
339653.03 367029.08 25.09
339653.03 366939.08 25.10
339653.03 366849.08 25.15
339653.03 366759.08 24.79
339653.03 366669.08 24.68
339653.03 366579.08 24.79
339653.03 366489.08 24.62
339653.03 366399.08 24.69
339653.03 366309.08 24.69
339653.03 366219.08 24.87
339653.03 366129.08 26.48
339653.03 366039.08 27.93
339653.03 365949.08 27.30
339653.03 365859.08 28.11
339653.03 365769.08 33.50
339653.03 365679.08 38.51
339653.03 365589.08 37.23
339653.03 365499.08 37.11
339653.03 365409.08 40.86
339653.03 365319.08 43.94
339653.03 365229.08 43.72
339653.03 365139.08 43.45
339653.03 365049.08 44.84
339653.03 364959.08 49.27
339653.03 364869.08 55.49
339653.03 364779.08 57.08
339653.03 364689.08 53.72
339653.03 364599.08 51.89
339653.03 364509.08 53.19
339653.03 364419.08 52.88
339653.03 364329.08 52.84
339653.03 364239.08 51.30
339653.03 364149.08 48.80
339653.03 364059.08 47.93
339653.03 363969.08 45.89
339653.03 363879.08 44.21
339653.03 363789.08 42.85
339653.03 363699.08 42.58
339653.03 363609.08 40.54
339653.03 363519.08 36.72
339653.03 363429.08 34.12
339653.03 363339.08 33.17
339653.03 363249.08 32.36
339653.03 363159.08 31.53
339653.03 363069.08 30.63
339653.03 362979.08 29.96
339653.03 362889.08 29.77
339653.03 362799.08 30.04
339653.03 362709.08 30.61
339653.03 362619.08 29.93
339743.03 367749.08 24.49
339743.03 367659.08 22.74
339743.03 367569.08 20.12
339743.03 367479.08 18.07
339743.03 367389.08 17.84
339743.03 367299.08 21.62
339743.03 367209.08 26.60
339743.03 367119.08 25.28
339743.03 367029.08 25.02
339743.03 366939.08 24.96
339743.03 366849.08 24.93
339743.03 366759.08 24.83
339743.03 366669.08 24.93
339743.03 366579.08 25.03
339743.03 366489.08 24.55
339743.03 366399.08 24.84
339743.03 366309.08 24.94
339743.03 366219.08 24.63
339743.03 366129.08 25.71
339743.03 366039.08 28.00
339743.03 365949.08 27.39
339743.03 365859.08 26.76
339743.03 365769.08 28.63
339743.03 365679.08 34.92
339743.03 365589.08 40.31
339743.03 365499.08 41.57
339743.03 365409.08 46.22
339743.03 365319.08 51.78
339743.03 365229.08 50.10
339743.03 365139.08 48.47
339743.03 365049.08 50.93
339743.03 364959.08 52.17
339743.03 364869.08 55.62
339743.03 364779.08 54.14
339743.03 364689.08 50.27
339743.03 364599.08 49.08
339743.03 364509.08 50.65
339743.03 364419.08 50.74
339743.03 364329.08 50.65
339743.03 364239.08 49.08
339743.03 364149.08 46.71
339743.03 364059.08 45.97
339743.03 363969.08 45.27
339743.03 363879.08 44.46
339743.03 363789.08 44.87
339743.03 363699.08 45.27
339743.03 363609.08 43.55
339743.03 363519.08 40.36
339743.03 363429.08 37.64
339743.03 363339.08 36.80
339743.03 363249.08 36.35
339743.03 363159.08 35.39
339743.03 363069.08 33.03
339743.03 362979.08 30.57
339743.03 362889.08 29.56
339743.03 362799.08 29.13
339743.03 362709.08 28.99
339743.03 362619.08 28.46
339833.03 367659.08 22.92
339833.03 367569.08 18.40
339833.03 367479.08 18.06
339833.03 367389.08 20.42
339833.03 367299.08 24.86
339833.03 367209.08 25.79
339833.03 367119.08 24.93
339833.03 367029.08 24.89
339833.03 366939.08 24.89
339833.03 366849.08 24.74
339833.03 366759.08 24.91
339833.03 366669.08 24.95
339833.03 366579.08 24.75
339833.03 366489.08 25.07
339833.03 366399.08 25.89
339833.03 366309.08 25.32
339833.03 366219.08 24.31
339833.03 366129.08 25.02
339833.03 366039.08 28.24
339833.03 365949.08 27.44
339833.03 365859.08 26.68
339833.03 365769.08 26.76
339833.03 365679.08 30.48
339833.03 365589.08 35.97
339833.03 365499.08 36.87
339833.03 365409.08 40.35
339833.03 365319.08 45.12
339833.03 365229.08 46.94
339833.03 365139.08 49.23
339833.03 365049.08 53.59
339833.03 364959.08 52.11
339833.03 364869.08 50.99
339833.03 364779.08 52.35
339833.03 364689.08 50.23
339833.03 364599.08 50.08
339833.03 364509.08 48.82
339833.03 364419.08 45.48
339833.03 364329.08 43.74
339833.03 364239.08 43.38
339833.03 364149.08 43.46
339833.03 364059.08 43.08
339833.03 363969.08 41.28
339833.03 363879.08 40.13
339833.03 363789.08 41.68
339833.03 363699.08 42.27
339833.03 363609.08 41.80
339833.03 363519.08 40.51
339833.03 363429.08 39.89
339833.03 363339.08 40.32
339833.03 363249.08 37.58
339833.03 363159.08 35.46
339833.03 363069.08 33.47
339833.03 362979.08 30.84
339833.03 362889.08 29.56
339833.03 362799.08 28.98
339833.03 362709.08 29.05
339833.03 362619.08 29.21
339833.03 362529.08 29.39
339923.03 367659.08 21.57
339923.03 367569.08 20.87
339923.03 367479.08 21.25
339923.03 367389.08 21.96
339923.03 367299.08 26.08
339923.03 367209.08 25.11
339923.03 367119.08 24.99
339923.03 367029.08 24.79
339923.03 366939.08 24.77
339923.03 366849.08 24.60
339923.03 366759.08 24.77
339923.03 366669.08 24.81
339923.03 366579.08 24.54
339923.03 366489.08 24.86
339923.03 366399.08 25.58
339923.03 366309.08 25.40
339923.03 366219.08 24.07
339923.03 366129.08 24.44
339923.03 366039.08 28.08
339923.03 365949.08 27.47
339923.03 365859.08 26.70
339923.03 365769.08 26.71
339923.03 365679.08 27.68
339923.03 365589.08 28.86
339923.03 365499.08 30.04
339923.03 365409.08 33.57
339923.03 365319.08 38.82
339923.03 365229.08 44.82
339923.03 365139.08 48.80
339923.03 365049.08 50.13
339923.03 364959.08 47.85
339923.03 364869.08 46.10
339923.03 364779.08 48.34
339923.03 364689.08 47.93
339923.03 364599.08 49.62
339923.03 364509.08 46.95
339923.03 364419.08 43.10
339923.03 364329.08 41.55
339923.03 364239.08 40.31
339923.03 364149.08 39.42
339923.03 364059.08 38.60
339923.03 363969.08 37.15
339923.03 363879.08 36.76
339923.03 363789.08 37.90
339923.03 363699.08 38.00
339923.03 363609.08 38.18
339923.03 363519.08 37.80
339923.03 363429.08 37.98
339923.03 363339.08 38.55
339923.03 363249.08 35.69
339923.03 363159.08 34.04
339923.03 363069.08 32.99
339923.03 362979.08 31.31
339923.03 362889.08 29.95
339923.03 362799.08 29.88
339923.03 362709.08 29.87
339923.03 362619.08 29.95
339923.03 362529.08 30.59
340013.03 367659.08 18.93
340013.03 367569.08 19.99
340013.03 367479.08 22.62
340013.03 367389.08 25.45
340013.03 367299.08 25.87
340013.03 367209.08 25.14
340013.03 367119.08 25.08
340013.03 367029.08 25.08
340013.03 366939.08 24.86
340013.03 366849.08 24.69
340013.03 366759.08 24.69
340013.03 366669.08 24.66
340013.03 366579.08 24.76
340013.03 366489.08 24.98
340013.03 366399.08 25.21
340013.03 366309.08 25.14
340013.03 366219.08 23.77
340013.03 366129.08 24.35
340013.03 366039.08 28.02
340013.03 365949.08 27.42
340013.03 365859.08 26.71
340013.03 365769.08 27.30
340013.03 365679.08 28.63
340013.03 365589.08 30.16
340013.03 365499.08 32.93
340013.03 365409.08 35.11
340013.03 365319.08 39.48
340013.03 365229.08 46.15
340013.03 365139.08 49.25
340013.03 365049.08 47.83
340013.03 364959.08 44.61
340013.03 364869.08 41.95
340013.03 364779.08 42.10
340013.03 364689.08 43.49
340013.03 364599.08 47.25
340013.03 364509.08 47.03
340013.03 364419.08 45.08
340013.03 364329.08 43.33
340013.03 364239.08 40.62
340013.03 364149.08 38.84
340013.03 364059.08 38.02
340013.03 363969.08 36.76
340013.03 363879.08 35.81
340013.03 363789.08 35.52
340013.03 363699.08 34.67
340013.03 363609.08 34.50
340013.03 363519.08 34.53
340013.03 363429.08 34.87
340013.03 363339.08 35.17
340013.03 363249.08 34.36
340013.03 363159.08 33.78
340013.03 363069.08 33.22
340013.03 362979.08 32.03
340013.03 362889.08 30.88
340013.03 362799.08 31.25
340013.03 362709.08 31.91
340013.03 362619.08 32.92
340103.03 367569.08 19.20
340103.03 367479.08 21.76
340103.03 367389.08 26.73
340103.03 367299.08 26.15
340103.03 367209.08 25.22
340103.03 367119.08 24.82
340103.03 367029.08 25.03
340103.03 366939.08 25.09
340103.03 366849.08 24.99
340103.03 366759.08 24.75
340103.03 366669.08 24.72
340103.03 366579.08 24.75
340103.03 366489.08 24.81
340103.03 366399.08 25.08
340103.03 366309.08 25.11
340103.03 366219.08 23.82
340103.03 366129.08 24.46
340103.03 366039.08 27.92
340103.03 365949.08 27.26
340103.03 365859.08 26.67
340103.03 365769.08 27.78
340103.03 365679.08 32.64
340103.03 365589.08 38.55
340103.03 365499.08 41.49
340103.03 365409.08 42.59
340103.03 365319.08 42.87
340103.03 365229.08 46.31
340103.03 365139.08 49.42
340103.03 365049.08 48.46
340103.03 364959.08 44.99
340103.03 364869.08 40.67
340103.03 364779.08 38.85
340103.03 364689.08 39.80
340103.03 364599.08 44.38
340103.03 364509.08 48.68
340103.03 364419.08 48.67
340103.03 364329.08 46.62
340103.03 364239.08 43.83
340103.03 364149.08 44.16
340103.03 364059.08 42.63
340103.03 363969.08 39.01
340103.03 363879.08 38.15
340103.03 363789.08 38.30
340103.03 363699.08 35.32
340103.03 363609.08 33.63
340103.03 363519.08 33.59
340103.03 363429.08 33.95
340103.03 363339.08 34.11
340103.03 363249.08 33.96
340103.03 363159.08 33.72
340103.03 363069.08 33.83
340103.03 362979.08 34.05
340103.03 362889.08 34.54
340103.03 362799.08 33.77
340103.03 362709.08 33.46
340103.03 362619.08 35.00
340193.03 367569.08 19.52
340193.03 367479.08 22.44
340193.03 367389.08 25.88
340193.03 367299.08 25.49
340193.03 367209.08 25.14
340193.03 367119.08 25.02
340193.03 367029.08 25.04
340193.03 366939.08 25.16
340193.03 366849.08 24.93
340193.03 366759.08 24.85
340193.03 366669.08 24.91
340193.03 366579.08 24.85
340193.03 366489.08 24.84
340193.03 366399.08 25.11
340193.03 366309.08 25.20
340193.03 366219.08 24.18
340193.03 366129.08 24.67
340193.03 366039.08 27.92
340193.03 365949.08 27.41
340193.03 365859.08 26.78
340193.03 365769.08 27.68
340193.03 365679.08 34.26
340193.03 365589.08 42.19
340193.03 365499.08 43.22
340193.03 365409.08 44.15
340193.03 365319.08 42.40
340193.03 365229.08 44.49
340193.03 365139.08 48.84
340193.03 365049.08 47.72
340193.03 364959.08 44.94
340193.03 364869.08 42.87
340193.03 364779.08 39.95
340193.03 364689.08 37.43
340193.03 364599.08 39.89
340193.03 364509.08 47.31
340193.03 364419.08 50.73
340193.03 364329.08 48.83
340193.03 364239.08 45.88
340193.03 364149.08 47.14
340193.03 364059.08 45.56
340193.03 363969.08 40.91
340193.03 363879.08 40.62
340193.03 363789.08 42.00
340193.03 363699.08 38.52
340193.03 363609.08 35.75
340193.03 363519.08 35.53
340193.03 363429.08 34.08
340193.03 363339.08 34.13
340193.03 363249.08 33.96
340193.03 363159.08 33.75
340193.03 363069.08 34.21
340193.03 362979.08 36.00
340193.03 362889.08 37.82
340193.03 362799.08 35.79
340193.03 362709.08 34.83
340283.03 367569.08 20.94
340283.03 367479.08 25.19
340283.03 367389.08 25.39
340283.03 367299.08 24.70
340283.03 367209.08 24.77
340283.03 367119.08 25.35
340283.03 367029.08 25.29
340283.03 366939.08 25.36
340283.03 366849.08 25.12
340283.03 366759.08 24.93
340283.03 366669.08 24.86
340283.03 366579.08 24.87
340283.03 366489.08 25.05
340283.03 366399.08 25.12
340283.03 366309.08 25.02
340283.03 366219.08 24.34
340283.03 366129.08 24.75
340283.03 366039.08 27.11
340283.03 365949.08 27.08
340283.03 365859.08 27.05
340283.03 365769.08 27.40
340283.03 365679.08 32.25
340283.03 365589.08 38.61
340283.03 365499.08 39.62
340283.03 365409.08 40.94
340283.03 365319.08 38.43
340283.03 365229.08 40.83
340283.03 365139.08 44.87
340283.03 365049.08 43.63
340283.03 364959.08 42.46
340283.03 364869.08 43.24
340283.03 364779.08 40.28
340283.03 364689.08 36.50
340283.03 364599.08 35.94
340283.03 364509.08 42.14
340283.03 364419.08 48.32
340283.03 364329.08 49.06
340283.03 364239.08 47.78
340283.03 364149.08 48.92
340283.03 364059.08 47.08
340283.03 363969.08 43.51
340283.03 363879.08 43.02
340283.03 363789.08 42.15
340283.03 363699.08 39.80
340283.03 363609.08 37.77
340283.03 363519.08 36.47
340283.03 363429.08 33.69
340283.03 363339.08 33.89
340283.03 363249.08 34.35
340283.03 363159.08 35.04
340283.03 363069.08 35.35
340283.03 362979.08 36.69
340283.03 362889.08 39.00
340283.03 362799.08 37.49
340283.03 362709.08 36.37
340373.03 367569.08 22.15
340373.03 367479.08 26.65
340373.03 367389.08 25.05
340373.03 367299.08 24.69
340373.03 367209.08 25.01
340373.03 367119.08 25.35
340373.03 367029.08 25.24
340373.03 366939.08 25.11
340373.03 366849.08 25.05
340373.03 366759.08 25.03
340373.03 366669.08 24.82
340373.03 366579.08 24.89
340373.03 366489.08 25.10
340373.03 366399.08 25.01
340373.03 366309.08 24.87
340373.03 366219.08 24.54
340373.03 366129.08 24.89
340373.03 366039.08 25.71
340373.03 365949.08 24.43
340373.03 365859.08 25.07
340373.03 365769.08 26.72
340373.03 365679.08 29.08
340373.03 365589.08 32.77
340373.03 365499.08 35.26
340373.03 365409.08 36.62
340373.03 365319.08 35.30
340373.03 365229.08 36.90
340373.03 365139.08 39.61
340373.03 365049.08 39.11
340373.03 364959.08 37.80
340373.03 364869.08 38.87
340373.03 364779.08 37.58
340373.03 364689.08 34.74
340373.03 364599.08 33.73
340373.03 364509.08 37.49
340373.03 364419.08 42.38
340373.03 364329.08 44.70
340373.03 364239.08 45.71
340373.03 364149.08 48.06
340373.03 364059.08 46.58
340373.03 363969.08 43.93
340373.03 363879.08 42.59
340373.03 363789.08 40.35
340373.03 363699.08 38.60
340373.03 363609.08 37.44
340373.03 363519.08 35.60
340373.03 363429.08 32.96
340373.03 363339.08 33.27
340373.03 363249.08 34.06
340373.03 363159.08 35.53
340373.03 363069.08 37.12
340373.03 362979.08 37.96
340373.03 362889.08 39.47
340373.03 362799.08 39.02
340373.03 362709.08 37.49
340463.03 367479.08 25.80
340463.03 367389.08 24.67
340463.03 367299.08 24.72
340463.03 367209.08 25.21
340463.03 367119.08 25.44
340463.03 367029.08 25.12
340463.03 366939.08 24.99
340463.03 366849.08 24.89
340463.03 366759.08 24.89
340463.03 366669.08 25.01
340463.03 366579.08 25.09
340463.03 366489.08 25.02
340463.03 366399.08 25.00
340463.03 366309.08 24.79
340463.03 366219.08 25.58
340463.03 366129.08 26.76
340463.03 366039.08 26.46
340463.03 365949.08 25.32
340463.03 365859.08 25.15
340463.03 365769.08 26.27
340463.03 365679.08 30.02
340463.03 365589.08 35.02
340463.03 365499.08 34.01
340463.03 365409.08 32.83
340463.03 365319.08 32.49
340463.03 365229.08 34.55
340463.03 365139.08 37.52
340463.03 365049.08 36.58
340463.03 364959.08 34.23
340463.03 364869.08 34.51
340463.03 364779.08 34.31
340463.03 364689.08 32.74
340463.03 364599.08 32.48
340463.03 364509.08 34.23
340463.03 364419.08 36.31
340463.03 364329.08 37.81
340463.03 364239.08 40.21
340463.03 364149.08 44.47
340463.03 364059.08 44.73
340463.03 363969.08 42.43
340463.03 363879.08 40.34
340463.03 363789.08 38.11
340463.03 363699.08 37.05
340463.03 363609.08 36.70
340463.03 363519.08 34.96
340463.03 363429.08 32.99
340463.03 363339.08 34.22
340463.03 363249.08 35.62
340463.03 363159.08 36.65
340463.03 363069.08 38.39
340463.03 362979.08 38.69
340463.03 362889.08 39.94
340463.03 362799.08 40.86
340553.03 367479.08 24.90
340553.03 367389.08 24.86
340553.03 367299.08 24.98
340553.03 367209.08 25.17
340553.03 367119.08 25.42
340553.03 367029.08 25.09
340553.03 366939.08 24.95
340553.03 366849.08 24.99
340553.03 366759.08 24.85
340553.03 366669.08 24.88
340553.03 366579.08 24.94
340553.03 366489.08 24.76
340553.03 366399.08 24.93
340553.03 366309.08 24.84
340553.03 366219.08 26.00
340553.03 366129.08 27.67
340553.03 366039.08 27.48
340553.03 365949.08 26.53
340553.03 365859.08 25.69
340553.03 365769.08 25.91
340553.03 365679.08 28.59
340553.03 365589.08 32.37
340553.03 365499.08 32.13
340553.03 365409.08 31.06
340553.03 365319.08 29.32
340553.03 365229.08 30.77
340553.03 365139.08 32.48
340553.03 365049.08 31.91
340553.03 364959.08 31.37
340553.03 364869.08 33.05
340553.03 364779.08 34.54
340553.03 364689.08 34.90
340553.03 364599.08 36.09
340553.03 364509.08 36.43
340553.03 364419.08 38.37
340553.03 364329.08 38.95
340553.03 364239.08 38.99
340553.03 364149.08 42.74
340553.03 364059.08 44.10
340553.03 363969.08 41.77
340553.03 363879.08 39.69
340553.03 363789.08 38.24
340553.03 363699.08 38.46
340553.03 363609.08 38.61
340553.03 363519.08 35.96
340553.03 363429.08 33.61
340553.03 363339.08 35.98
340553.03 363249.08 40.16
340553.03 363159.08 41.16
340553.03 363069.08 40.72
340553.03 362979.08 40.09
340553.03 362889.08 41.48
340553.03 362799.08 45.31
340643.03 367479.08 24.88
340643.03 367389.08 24.92
340643.03 367299.08 24.98
340643.03 367209.08 25.10
340643.03 367119.08 25.37
340643.03 367029.08 25.29
340643.03 366939.08 25.23
340643.03 366849.08 24.95
340643.03 366759.08 24.74
340643.03 366669.08 24.84
340643.03 366579.08 24.97
340643.03 366489.08 24.76
340643.03 366399.08 25.05
340643.03 366309.08 25.10
340643.03 366219.08 25.92
340643.03 366129.08 27.35
340643.03 366039.08 27.12
340643.03 365949.08 26.12
340643.03 365859.08 25.85
340643.03 365769.08 26.01
340643.03 365679.08 26.41
340643.03 365589.08 27.29
340643.03 365499.08 28.20
340643.03 365409.08 28.44
340643.03 365319.08 27.57
340643.03 365229.08 28.10
340643.03 365139.08 28.60
340643.03 365049.08 28.87
340643.03 364959.08 29.91
340643.03 364869.08 32.99
340643.03 364779.08 36.09
340643.03 364689.08 36.86
340643.03 364599.08 38.48
340643.03 364509.08 39.02
340643.03 364419.08 40.91
340643.03 364329.08 41.96
340643.03 364239.08 41.39
340643.03 364149.08 44.42
340643.03 364059.08 45.74
340643.03 363969.08 43.54
340643.03 363879.08 41.63
340643.03 363789.08 39.66
340643.03 363699.08 40.78
340643.03 363609.08 41.24
340643.03 363519.08 36.95
340643.03 363429.08 34.14
340643.03 363339.08 35.24
340643.03 363249.08 39.63
340643.03 363159.08 43.20
340643.03 363069.08 43.12
340643.03 362979.08 42.94
340643.03 362889.08 44.31
340733.03 367479.08 24.96
340733.03 367389.08 24.95
340733.03 367299.08 24.92
340733.03 367209.08 24.82
340733.03 367119.08 24.93
340733.03 367029.08 25.08
340733.03 366939.08 25.17
340733.03 366849.08 24.91
340733.03 366759.08 24.78
340733.03 366669.08 25.01
340733.03 366579.08 25.13
340733.03 366489.08 25.09
340733.03 366399.08 25.26
340733.03 366309.08 25.68
340733.03 366219.08 26.65
340733.03 366129.08 27.10
340733.03 366039.08 26.81
340733.03 365949.08 26.44
340733.03 365859.08 26.57
340733.03 365769.08 26.46
340733.03 365679.08 26.31
340733.03 365589.08 26.41
340733.03 365499.08 26.40
340733.03 365409.08 26.64
340733.03 365319.08 26.90
340733.03 365229.08 27.37
340733.03 365139.08 27.64
340733.03 365049.08 27.95
340733.03 364959.08 29.16
340733.03 364869.08 31.79
340733.03 364779.08 34.28
340733.03 364689.08 35.42
340733.03 364599.08 37.49
340733.03 364509.08 40.18
340733.03 364419.08 42.09
340733.03 364329.08 42.18
340733.03 364239.08 43.29
340733.03 364149.08 47.21
340733.03 364059.08 49.68
340733.03 363969.08 48.57
340733.03 363879.08 45.62
340733.03 363789.08 42.68
340733.03 363699.08 43.10
340733.03 363609.08 42.78
340733.03 363519.08 36.74
340733.03 363429.08 34.69
340733.03 363339.08 34.94
340733.03 363249.08 36.62
340733.03 363159.08 39.60
340733.03 363069.08 42.88
340733.03 362979.08 46.58
340733.03 362889.08 50.76
340823.03 367389.08 25.02
340823.03 367299.08 24.90
340823.03 367209.08 24.78
340823.03 367119.08 24.78
340823.03 367029.08 25.00
340823.03 366939.08 25.07
340823.03 366849.08 24.95
340823.03 366759.08 24.93
340823.03 366669.08 25.07
340823.03 366579.08 25.22
340823.03 366489.08 25.30
340823.03 366399.08 25.28
340823.03 366309.08 26.12
340823.03 366219.08 27.47
340823.03 366129.08 27.07
340823.03 366039.08 26.60
340823.03 365949.08 26.76
340823.03 365859.08 27.20
340823.03 365769.08 27.22
340823.03 365679.08 27.52
340823.03 365589.08 28.15
340823.03 365499.08 27.47
340823.03 365409.08 27.16
340823.03 365319.08 28.40
340823.03 365229.08 30.34
340823.03 365139.08 31.11
340823.03 365049.08 32.12
340823.03 364959.08 31.76
340823.03 364869.08 30.61
340823.03 364779.08 31.71
340823.03 364689.08 32.96
340823.03 364599.08 35.29
340823.03 364509.08 38.31
340823.03 364419.08 39.90
340823.03 364329.08 40.98
340823.03 364239.08 44.16
340823.03 364149.08 48.04
340823.03 364059.08 49.70
340823.03 363969.08 48.77
340823.03 363879.08 47.25
340823.03 363789.08 46.34
340823.03 363699.08 46.15
340823.03 363609.08 42.88
340823.03 363519.08 36.41
340823.03 363429.08 36.58
340823.03 363339.08 37.40
340823.03 363249.08 36.71
340823.03 363159.08 37.60
340823.03 363069.08 40.13
340823.03 362979.08 44.91
340823.03 362889.08 53.92
340913.03 367389.08 24.99
340913.03 367299.08 24.85
340913.03 367209.08 24.95
340913.03 367119.08 25.06
340913.03 367029.08 25.08
340913.03 366939.08 25.08
340913.03 366849.08 24.99
340913.03 366759.08 25.13
340913.03 366669.08 25.20
340913.03 366579.08 25.32
340913.03 366489.08 25.36
340913.03 366399.08 25.27
340913.03 366309.08 26.24
340913.03 366219.08 27.53
340913.03 366129.08 26.93
340913.03 366039.08 26.60
340913.03 365949.08 27.54
340913.03 365859.08 28.96
340913.03 365769.08 28.89
340913.03 365679.08 30.05
340913.03 365589.08 31.69
340913.03 365499.08 30.80
340913.03 365409.08 28.78
340913.03 365319.08 29.68
340913.03 365229.08 32.67
340913.03 365139.08 35.30
340913.03 365049.08 37.83
340913.03 364959.08 35.02
340913.03 364869.08 30.89
340913.03 364779.08 32.19
340913.03 364689.08 33.43
340913.03 364599.08 33.93
340913.03 364509.08 35.16
340913.03 364419.08 36.13
340913.03 364329.08 37.65
340913.03 364239.08 40.92
340913.03 364149.08 45.60
340913.03 364059.08 47.42
340913.03 363969.08 45.47
340913.03 363879.08 44.16
340913.03 363789.08 44.54
340913.03 363699.08 44.44
340913.03 363609.08 40.63
340913.03 363519.08 37.99
340913.03 363429.08 40.49
340913.03 363339.08 40.06
340913.03 363249.08 39.47
340913.03 363159.08 40.72
340913.03 363069.08 42.14
340913.03 362979.08 44.15
341003.03 367389.08 24.95
341003.03 367299.08 24.90
341003.03 367209.08 25.17
341003.03 367119.08 25.33
341003.03 367029.08 25.21
341003.03 366939.08 25.25
341003.03 366849.08 25.21
341003.03 366759.08 25.44
341003.03 366669.08 25.52
341003.03 366579.08 25.42
341003.03 366489.08 25.38
341003.03 366399.08 25.57
341003.03 366309.08 26.62
341003.03 366219.08 27.45
341003.03 366129.08 26.77
341003.03 366039.08 27.29
341003.03 365949.08 29.56
341003.03 365859.08 31.51
341003.03 365769.08 32.01
341003.03 365679.08 34.67
341003.03 365589.08 37.04
341003.03 365499.08 34.74
341003.03 365409.08 30.43
341003.03 365319.08 29.98
341003.03 365229.08 32.22
341003.03 365139.08 35.34
341003.03 365049.08 39.01
341003.03 364959.08 36.97
341003.03 364869.08 31.76
341003.03 364779.08 32.77
341003.03 364689.08 34.95
341003.03 364599.08 36.45
341003.03 364509.08 36.67
341003.03 364419.08 36.31
341003.03 364329.08 37.29
341003.03 364239.08 38.55
341003.03 364149.08 42.07
341003.03 364059.08 44.93
341003.03 363969.08 46.13
341003.03 363879.08 45.42
341003.03 363789.08 43.74
341003.03 363699.08 40.85
341003.03 363609.08 38.10
341003.03 363519.08 39.08
341003.03 363429.08 42.32
341003.03 363339.08 42.02
341003.03 363249.08 42.92
341003.03 363159.08 45.06
341003.03 363069.08 47.34
341003.03 362979.08 48.57
341093.03 367389.08 24.90
341093.03 367299.08 25.57
341093.03 367209.08 26.15
341093.03 367119.08 25.31
341093.03 367029.08 25.23
341093.03 366939.08 25.39
341093.03 366849.08 25.28
341093.03 366759.08 25.42
341093.03 366669.08 25.62
341093.03 366579.08 25.69
341093.03 366489.08 25.85
341093.03 366399.08 26.51
341093.03 366309.08 27.37
341093.03 366219.08 27.36
341093.03 366129.08 26.96
341093.03 366039.08 28.83
341093.03 365949.08 32.03
341093.03 365859.08 32.53
341093.03 365769.08 32.77
341093.03 365679.08 35.88
341093.03 365589.08 39.55
341093.03 365499.08 36.35
341093.03 365409.08 31.47
341093.03 365319.08 31.78
341093.03 365229.08 32.73
341093.03 365139.08 33.98
341093.03 365049.08 37.61
341093.03 364959.08 37.83
341093.03 364869.08 33.61
341093.03 364779.08 33.18
341093.03 364689.08 33.99
341093.03 364599.08 36.92
341093.03 364509.08 39.34
341093.03 364419.08 39.34
341093.03 364329.08 40.00
341093.03 364239.08 40.68
341093.03 364149.08 42.03
341093.03 364059.08 43.94
341093.03 363969.08 46.53
341093.03 363879.08 47.48
341093.03 363789.08 44.48
341093.03 363699.08 40.03
341093.03 363609.08 38.06
341093.03 363519.08 39.46
341093.03 363429.08 42.23
341093.03 363339.08 43.58
341093.03 363249.08 45.43
341093.03 363159.08 47.08
341093.03 363069.08 52.11
341183.03 367299.08 26.03
341183.03 367209.08 26.71
341183.03 367119.08 25.45
341183.03 367029.08 25.34
341183.03 366939.08 25.68
341183.03 366849.08 25.70
341183.03 366759.08 25.59
341183.03 366669.08 25.52
341183.03 366579.08 25.70
341183.03 366489.08 26.17
341183.03 366399.08 27.16
341183.03 366309.08 27.77
341183.03 366219.08 27.36
341183.03 366129.08 29.41
341183.03 366039.08 33.63
341183.03 365949.08 34.05
341183.03 365859.08 32.52
341183.03 365769.08 33.58
341183.03 365679.08 36.49
341183.03 365589.08 38.74
341183.03 365499.08 36.21
341183.03 365409.08 34.01
341183.03 365319.08 36.64
341183.03 365229.08 36.31
341183.03 365139.08 34.75
341183.03 365049.08 36.90
341183.03 364959.08 38.16
341183.03 364869.08 36.24
341183.03 364779.08 36.21
341183.03 364689.08 35.13
341183.03 364599.08 35.39
341183.03 364509.08 38.34
341183.03 364419.08 41.20
341183.03 364329.08 43.06
341183.03 364239.08 44.81
341183.03 364149.08 45.35
341183.03 364059.08 45.83
341183.03 363969.08 47.26
341183.03 363879.08 47.13
341183.03 363789.08 43.75
341183.03 363699.08 40.27
341183.03 363609.08 39.40
341183.03 363519.08 40.62
341183.03 363429.08 43.19
341183.03 363339.08 45.16
341183.03 363249.08 47.54
341183.03 363159.08 49.16
341183.03 363069.08 57.72
341273.03 367299.08 26.09
341273.03 367209.08 26.02
341273.03 367119.08 25.56
341273.03 367029.08 25.80
341273.03 366939.08 26.02
341273.03 366849.08 26.15
341273.03 366759.08 26.06
341273.03 366669.08 25.86
341273.03 366579.08 25.91
341273.03 366489.08 26.28
341273.03 366399.08 27.36
341273.03 366309.08 28.02
341273.03 366219.08 29.01
341273.03 366129.08 34.51
341273.03 366039.08 38.98
341273.03 365949.08 35.89
341273.03 365859.08 33.70
341273.03 365769.08 34.87
341273.03 365679.08 37.62
341273.03 365589.08 40.53
341273.03 365499.08 38.38
341273.03 365409.08 37.33
341273.03 365319.08 40.69
341273.03 365229.08 43.29
341273.03 365139.08 42.46
341273.03 365049.08 40.08
341273.03 364959.08 38.95
341273.03 364869.08 37.76
341273.03 364779.08 37.51
341273.03 364689.08 36.96
341273.03 364599.08 37.05
341273.03 364509.08 38.52
341273.03 364419.08 40.14
341273.03 364329.08 41.90
341273.03 364239.08 44.73
341273.03 364149.08 46.22
341273.03 364059.08 46.24
341273.03 363969.08 46.83
341273.03 363879.08 46.49
341273.03 363789.08 44.37
341273.03 363699.08 42.30
341273.03 363609.08 41.73
341273.03 363519.08 42.49
341273.03 363429.08 44.52
341273.03 363339.08 46.46
341273.03 363249.08 49.33
341273.03 363159.08 53.64
341273.03 363069.08 63.53
341363.03 367299.08 25.94
341363.03 367209.08 25.73
341363.03 367119.08 25.80
341363.03 367029.08 26.15
341363.03 366939.08 26.19
341363.03 366849.08 26.22
341363.03 366759.08 26.35
341363.03 366669.08 26.36
341363.03 366579.08 26.46
341363.03 366489.08 26.69
341363.03 366399.08 27.42
341363.03 366309.08 28.57
341363.03 366219.08 31.63
341363.03 366129.08 36.99
341363.03 366039.08 39.66
341363.03 365949.08 37.38
341363.03 365859.08 35.56
341363.03 365769.08 37.45
341363.03 365679.08 38.60
341363.03 365589.08 39.53
341363.03 365499.08 40.13
341363.03 365409.08 40.78
341363.03 365319.08 41.84
341363.03 365229.08 44.15
341363.03 365139.08 46.62
341363.03 365049.08 45.55
341363.03 364959.08 41.96
341363.03 364869.08 39.63
341363.03 364779.08 38.96
341363.03 364689.08 40.89
341363.03 364599.08 43.27
341363.03 364509.08 41.47
341363.03 364419.08 41.81
341363.03 364329.08 42.81
341363.03 364239.08 45.06
341363.03 364149.08 47.37
341363.03 364059.08 47.37
341363.03 363969.08 48.45
341363.03 363879.08 49.65
341363.03 363789.08 47.15
341363.03 363699.08 45.46
341363.03 363609.08 45.78
341363.03 363519.08 45.65
341363.03 363429.08 47.14
341363.03 363339.08 48.11
341363.03 363249.08 51.22
341363.03 363159.08 57.14
341453.03 367299.08 25.91
341453.03 367209.08 25.91
341453.03 367119.08 26.18
341453.03 367029.08 26.49
341453.03 366939.08 26.50
341453.03 366849.08 26.26
341453.03 366759.08 26.55
341453.03 366669.08 26.81
341453.03 366579.08 26.82
341453.03 366489.08 27.09
341453.03 366399.08 27.86
341453.03 366309.08 31.81
341453.03 366219.08 39.05
341453.03 366129.08 41.82
341453.03 366039.08 40.83
341453.03 365949.08 39.05
341453.03 365859.08 38.04
341453.03 365769.08 39.74
341453.03 365679.08 40.41
341453.03 365589.08 40.97
341453.03 365499.08 42.60
341453.03 365409.08 43.52
341453.03 365319.08 44.35
341453.03 365229.08 48.22
341453.03 365139.08 52.97
341453.03 365049.08 53.39
341453.03 364959.08 48.74
341453.03 364869.08 47.04
341453.03 364779.08 45.68
341453.03 364689.08 44.37
341453.03 364599.08 48.78
341453.03 364509.08 48.39
341453.03 364419.08 47.13
341453.03 364329.08 46.46
341453.03 364239.08 48.27
341453.03 364149.08 51.17
341453.03 364059.08 52.00
341453.03 363969.08 53.93
341453.03 363879.08 54.35
341453.03 363789.08 49.93
341453.03 363699.08 48.01
341453.03 363609.08 50.47
341453.03 363519.08 50.31
341453.03 363429.08 50.86
341453.03 363339.08 53.63
341453.03 363249.08 58.03
341453.03 363159.08 62.35
341543.03 367209.08 26.07
341543.03 367119.08 26.22
341543.03 367029.08 26.48
341543.03 366939.08 26.62
341543.03 366849.08 26.51
341543.03 366759.08 26.83
341543.03 366669.08 27.21
341543.03 366579.08 27.42
341543.03 366489.08 27.51
341543.03 366399.08 28.69
341543.03 366309.08 36.91
341543.03 366219.08 50.84
341543.03 366129.08 53.54
341543.03 366039.08 47.77
341543.03 365949.08 43.48
341543.03 365859.08 41.99
341543.03 365769.08 44.51
341543.03 365679.08 46.62
341543.03 365589.08 45.08
341543.03 365499.08 43.84
341543.03 365409.08 43.01
341543.03 365319.08 43.58
341543.03 365229.08 47.96
341543.03 365139.08 52.33
341543.03 365049.08 53.54
341543.03 364959.08 52.02
341543.03 364869.08 52.76
341543.03 364779.08 52.27
341543.03 364689.08 48.49
341543.03 364599.08 49.04
341543.03 364509.08 52.12
341543.03 364419.08 52.45
341543.03 364329.08 50.55
341543.03 364239.08 50.78
341543.03 364149.08 52.19
341543.03 364059.08 53.14
341543.03 363969.08 54.54
341543.03 363879.08 54.61
341543.03 363789.08 51.24
341543.03 363699.08 48.85
341543.03 363609.08 50.79
341543.03 363519.08 52.85
341543.03 363429.08 54.31
341543.03 363339.08 58.23
341543.03 363249.08 61.38
341543.03 363159.08 63.79
341633.03 367209.08 26.31
341633.03 367119.08 26.21
341633.03 367029.08 26.41
341633.03 366939.08 26.61
341633.03 366849.08 26.64
341633.03 366759.08 26.91
341633.03 366669.08 27.29
341633.03 366579.08 27.65
341633.03 366489.08 27.92
341633.03 366399.08 30.22
341633.03 366309.08 38.80
341633.03 366219.08 49.96
341633.03 366129.08 52.13
341633.03 366039.08 47.14
341633.03 365949.08 43.44
341633.03 365859.08 41.85
341633.03 365769.08 44.55
341633.03 365679.08 47.08
341633.03 365589.08 45.11
341633.03 365499.08 41.56
341633.03 365409.08 41.01
341633.03 365319.08 42.15
341633.03 365229.08 44.80
341633.03 365139.08 47.48
341633.03 365049.08 48.48
341633.03 364959.08 48.92
341633.03 364869.08 50.11
341633.03 364779.08 51.28
341633.03 364689.08 51.68
341633.03 364599.08 51.39
341633.03 364509.08 51.74
341633.03 364419.08 51.87
341633.03 364329.08 52.42
341633.03 364239.08 51.14
341633.03 364149.08 50.27
341633.03 364059.08 50.56
341633.03 363969.08 51.45
341633.03 363879.08 52.74
341633.03 363789.08 53.14
341633.03 363699.08 52.52
341633.03 363609.08 52.49
341633.03 363519.08 54.69
341633.03 363429.08 56.66
341633.03 363339.08 57.29
341633.03 363249.08 58.45
341723.03 367209.08 27.07
341723.03 367119.08 26.68
341723.03 367029.08 26.48
341723.03 366939.08 26.67
341723.03 366849.08 26.83
341723.03 366759.08 27.03
341723.03 366669.08 27.27
341723.03 366579.08 27.77
341723.03 366489.08 28.17
341723.03 366399.08 30.48
341723.03 366309.08 36.55
341723.03 366219.08 41.64
341723.03 366129.08 42.24
341723.03 366039.08 40.32
341723.03 365949.08 39.10
341723.03 365859.08 38.60
341723.03 365769.08 40.58
341723.03 365679.08 44.05
341723.03 365589.08 43.46
341723.03 365499.08 39.63
341723.03 365409.08 41.26
341723.03 365319.08 43.86
341723.03 365229.08 43.01
341723.03 365139.08 44.86
341723.03 365049.08 45.35
341723.03 364959.08 44.29
341723.03 364869.08 45.27
341723.03 364779.08 46.25
341723.03 364689.08 48.50
341723.03 364599.08 49.83
341723.03 364509.08 49.96
341723.03 364419.08 50.20
341723.03 364329.08 54.02
341723.03 364239.08 52.98
341723.03 364149.08 49.16
341723.03 364059.08 48.44
341723.03 363969.08 49.29
341723.03 363879.08 51.54
341723.03 363789.08 53.25
341723.03 363699.08 53.57
341723.03 363609.08 51.61
341723.03 363519.08 52.10
341723.03 363429.08 54.13
341723.03 363339.08 54.28
341723.03 363249.08 56.66
341813.03 367119.08 27.19
341813.03 367029.08 26.95
341813.03 366939.08 26.94
341813.03 366849.08 27.07
341813.03 366759.08 27.08
341813.03 366669.08 27.48
341813.03 366579.08 28.06
341813.03 366489.08 28.52
341813.03 366399.08 30.09
341813.03 366309.08 33.60
341813.03 366219.08 36.03
341813.03 366129.08 37.21
341813.03 366039.08 37.83
341813.03 365949.08 36.47
341813.03 365859.08 36.44
341813.03 365769.08 37.67
341813.03 365679.08 40.80
341813.03 365589.08 41.07
341813.03 365499.08 38.29
341813.03 365409.08 39.79
341813.03 365319.08 41.47
341813.03 365229.08 40.21
341813.03 365139.08 41.18
341813.03 365049.08 41.31
341813.03 364959.08 40.52
341813.03 364869.08 41.52
341813.03 364779.08 42.45
341813.03 364689.08 44.21
341813.03 364599.08 45.40
341813.03 364509.08 46.79
341813.03 364419.08 48.72
341813.03 364329.08 51.48
341813.03 364239.08 51.22
341813.03 364149.08 48.15
341813.03 364059.08 47.10
341813.03 363969.08 48.24
341813.03 363879.08 49.79
341813.03 363789.08 49.44
341813.03 363699.08 49.10
341813.03 363609.08 48.43
341813.03 363519.08 49.11
341813.03 363429.08 51.05
341813.03 363339.08 52.16
341903.03 367119.08 27.53
341903.03 367029.08 27.56
341903.03 366939.08 27.29
341903.03 366849.08 27.19
341903.03 366759.08 27.07
341903.03 366669.08 27.62
341903.03 366579.08 28.15
341903.03 366489.08 28.52
341903.03 366399.08 29.70
341903.03 366309.08 31.88
341903.03 366219.08 33.24
341903.03 366129.08 34.67
341903.03 366039.08 35.77
341903.03 365949.08 34.89
341903.03 365859.08 35.47
341903.03 365769.08 36.19
341903.03 365679.08 37.38
341903.03 365589.08 37.80
341903.03 365499.08 37.12
341903.03 365409.08 37.47
341903.03 365319.08 37.86
341903.03 365229.08 37.93
341903.03 365139.08 38.41
341903.03 365049.08 38.68
341903.03 364959.08 39.45
341903.03 364869.08 41.36
341903.03 364779.08 42.58
341903.03 364689.08 43.39
341903.03 364599.08 44.19
341903.03 364509.08 46.08
341903.03 364419.08 48.87
341903.03 364329.08 50.14
341903.03 364239.08 48.90
341903.03 364149.08 46.12
341903.03 364059.08 45.95
341903.03 363969.08 46.67
341903.03 363879.08 46.84
341903.03 363789.08 46.53
341903.03 363699.08 47.31
341903.03 363609.08 50.06
341903.03 363519.08 52.48
341903.03 363429.08 54.41
341903.03 363339.08 55.93
341993.03 367119.08 27.81
341993.03 367029.08 27.89
341993.03 366939.08 27.70
341993.03 366849.08 27.40
341993.03 366759.08 27.48
341993.03 366669.08 27.84
341993.03 366579.08 28.23
341993.03 366489.08 28.57
341993.03 366399.08 29.51
341993.03 366309.08 31.15
341993.03 366219.08 32.09
341993.03 366129.08 32.87
341993.03 366039.08 33.43
341993.03 365949.08 34.24
341993.03 365859.08 35.89
341993.03 365769.08 35.92
341993.03 365679.08 36.25
341993.03 365589.08 36.96
341993.03 365499.08 37.32
341993.03 365409.08 37.90
341993.03 365319.08 38.41
341993.03 365229.08 40.95
341993.03 365139.08 40.24
341993.03 365049.08 40.53
341993.03 364959.08 43.67
341993.03 364869.08 48.01
341993.03 364779.08 50.30
341993.03 364689.08 50.29
341993.03 364599.08 50.17
341993.03 364509.08 50.66
341993.03 364419.08 52.02
341993.03 364329.08 50.48
341993.03 364239.08 46.69
341993.03 364149.08 44.22
341993.03 364059.08 44.18
341993.03 363969.08 44.49
341993.03 363879.08 44.98
341993.03 363789.08 45.84
341993.03 363699.08 47.75
341993.03 363609.08 50.42
341993.03 363519.08 51.68
341993.03 363429.08 53.66
341993.03 363339.08 54.94
342083.03 367119.08 28.25
342083.03 367029.08 28.27
342083.03 366939.08 28.09
342083.03 366849.08 27.81
342083.03 366759.08 28.00
342083.03 366669.08 28.12
342083.03 366579.08 28.34
342083.03 366489.08 28.67
342083.03 366399.08 29.60
342083.03 366309.08 30.65
342083.03 366219.08 32.23
342083.03 366129.08 34.10
342083.03 366039.08 34.17
342083.03 365949.08 36.62
342083.03 365859.08 40.59
342083.03 365769.08 38.81
342083.03 365679.08 38.11
342083.03 365589.08 39.22
342083.03 365499.08 38.84
342083.03 365409.08 40.20
342083.03 365319.08 40.44
342083.03 365229.08 43.80
342083.03 365139.08 42.00
342083.03 365049.08 41.39
342083.03 364959.08 46.45
342083.03 364869.08 53.86
342083.03 364779.08 56.19
342083.03 364689.08 57.28
342083.03 364599.08 55.46
342083.03 364509.08 52.45
342083.03 364419.08 51.03
342083.03 364329.08 47.95
342083.03 364239.08 43.79
342083.03 364149.08 43.25
342083.03 364059.08 43.28
342083.03 363969.08 43.80
342083.03 363879.08 44.83
342083.03 363789.08 45.74
342083.03 363699.08 46.47
342083.03 363609.08 47.35
342083.03 363519.08 48.11
342083.03 363429.08 49.37
342173.03 367029.08 28.58
342173.03 366939.08 28.43
342173.03 366849.08 28.26
342173.03 366759.08 28.28
342173.03 366669.08 28.24
342173.03 366579.08 28.55
342173.03 366489.08 28.88
342173.03 366399.08 29.64
342173.03 366309.08 30.69
342173.03 366219.08 32.43
342173.03 366129.08 36.31
342173.03 366039.08 38.26
342173.03 365949.08 37.81
342173.03 365859.08 39.93
342173.03 365769.08 40.35
342173.03 365679.08 39.44
342173.03 365589.08 40.07
342173.03 365499.08 40.49
342173.03 365409.08 42.38
342173.03 365319.08 42.57
342173.03 365229.08 43.80
342173.03 365139.08 44.78
342173.03 365049.08 43.47
342173.03 364959.08 45.01
342173.03 364869.08 50.53
342173.03 364779.08 52.97
342173.03 364689.08 54.61
342173.03 364599.08 54.06
342173.03 364509.08 50.49
342173.03 364419.08 46.13
342173.03 364329.08 43.67
342173.03 364239.08 42.72
342173.03 364149.08 44.24
342173.03 364059.08 45.30
342173.03 363969.08 47.57
342173.03 363879.08 50.08
342173.03 363789.08 49.45
342173.03 363699.08 47.21
342173.03 363609.08 46.09
342173.03 363519.08 47.20
342173.03 363429.08 49.02
342263.03 367029.08 28.62
342263.03 366939.08 28.51
342263.03 366849.08 28.54
342263.03 366759.08 28.62
342263.03 366669.08 28.56
342263.03 366579.08 28.84
342263.03 366489.08 29.27
342263.03 366399.08 29.78
342263.03 366309.08 30.55
342263.03 366219.08 31.73
342263.03 366129.08 36.01
342263.03 366039.08 41.10
342263.03 365949.08 38.57
342263.03 365859.08 34.92
342263.03 365769.08 36.25
342263.03 365679.08 38.87
342263.03 365589.08 42.17
342263.03 365499.08 43.80
342263.03 365409.08 43.39
342263.03 365319.08 43.59
342263.03 365229.08 46.70
342263.03 365139.08 52.53
342263.03 365049.08 49.53
342263.03 364959.08 46.56
342263.03 364869.08 47.32
342263.03 364779.08 49.41
342263.03 364689.08 51.33
342263.03 364599.08 51.34
342263.03 364509.08 48.82
342263.03 364419.08 43.52
342263.03 364329.08 41.39
342263.03 364239.08 43.68
342263.03 364149.08 47.62
342263.03 364059.08 47.69
342263.03 363969.08 49.44
342263.03 363879.08 53.75
342263.03 363789.08 55.34
342263.03 363699.08 50.78
342263.03 363609.08 47.67
342263.03 363519.08 48.08
342353.03 367029.08 28.95
342353.03 366939.08 28.94
342353.03 366849.08 29.00
342353.03 366759.08 29.24
342353.03 366669.08 29.33
342353.03 366579.08 29.25
342353.03 366489.08 29.49
342353.03 366399.08 29.91
342353.03 366309.08 30.42
342353.03 366219.08 31.19
342353.03 366129.08 33.17
342353.03 366039.08 35.91
342353.03 365949.08 35.58
342353.03 365859.08 33.24
342353.03 365769.08 33.39
342353.03 365679.08 35.44
342353.03 365589.08 38.08
342353.03 365499.08 45.17
342353.03 365409.08 51.66
342353.03 365319.08 49.26
342353.03 365229.08 52.38
342353.03 365139.08 56.12
342353.03 365049.08 57.56
342353.03 364959.08 55.20
342353.03 364869.08 48.85
342353.03 364779.08 49.87
342353.03 364689.08 48.62
342353.03 364599.08 46.86
342353.03 364509.08 45.02
342353.03 364419.08 41.52
342353.03 364329.08 41.06
342353.03 364239.08 43.66
342353.03 364149.08 47.48
342353.03 364059.08 49.03
342353.03 363969.08 51.14
342353.03 363879.08 53.91
342353.03 363789.08 56.24
342353.03 363699.08 53.68
342353.03 363609.08 49.24
342353.03 363519.08 49.15
342443.03 367029.08 29.26
342443.03 366939.08 29.34
342443.03 366849.08 29.50
342443.03 366759.08 29.63
342443.03 366669.08 29.70
342443.03 366579.08 29.69
342443.03 366489.08 29.72
342443.03 366399.08 29.97
342443.03 366309.08 30.64
342443.03 366219.08 31.10
342443.03 366129.08 31.64
342443.03 366039.08 32.07
342443.03 365949.08 32.60
342443.03 365859.08 33.09
342443.03 365769.08 33.37
342443.03 365679.08 33.69
342443.03 365589.08 34.47
342443.03 365499.08 38.41
342443.03 365409.08 46.15
342443.03 365319.08 50.47
342443.03 365229.08 51.56
342443.03 365139.08 52.12
342443.03 365049.08 53.81
342443.03 364959.08 51.46
342443.03 364869.08 46.85
342443.03 364779.08 48.86
342443.03 364689.08 47.19
342443.03 364599.08 42.92
342443.03 364509.08 41.14
342443.03 364419.08 40.33
342443.03 364329.08 41.53
342443.03 364239.08 45.04
342443.03 364149.08 48.91
342443.03 364059.08 49.73
342443.03 363969.08 52.82
342443.03 363879.08 54.94
342443.03 363789.08 55.09
342443.03 363699.08 54.31
342443.03 363609.08 53.03
342533.03 366939.08 29.63
342533.03 366849.08 29.77
342533.03 366759.08 29.87
342533.03 366669.08 30.04
342533.03 366579.08 30.16
342533.03 366489.08 30.14
342533.03 366399.08 30.28
342533.03 366309.08 30.97
342533.03 366219.08 31.29
342533.03 366129.08 31.57
342533.03 366039.08 31.96
342533.03 365949.08 32.32
342533.03 365859.08 32.54
342533.03 365769.08 32.98
342533.03 365679.08 33.55
342533.03 365589.08 34.01
342533.03 365499.08 34.41
342533.03 365409.08 40.22
342533.03 365319.08 48.64
342533.03 365229.08 47.37
342533.03 365139.08 47.59
342533.03 365049.08 47.08
342533.03 364959.08 42.31
342533.03 364869.08 43.86
342533.03 364779.08 46.93
342533.03 364689.08 43.99
342533.03 364599.08 40.01
342533.03 364509.08 39.64
342533.03 364419.08 41.08
342533.03 364329.08 43.24
342533.03 364239.08 45.62
342533.03 364149.08 49.08
342533.03 364059.08 50.64
342533.03 363969.08 54.11
342533.03 363879.08 56.16
342533.03 363789.08 56.92
342533.03 363699.08 56.32
342533.03 363609.08 55.81
342623.03 366939.08 29.70
342623.03 366849.08 29.72
342623.03 366759.08 29.84
342623.03 366669.08 29.95
342623.03 366579.08 30.11
342623.03 366489.08 30.42
342623.03 366399.08 30.79
342623.03 366309.08 31.41
342623.03 366219.08 31.60
342623.03 366129.08 31.77
342623.03 366039.08 32.31
342623.03 365949.08 32.71
342623.03 365859.08 32.74
342623.03 365769.08 33.04
342623.03 365679.08 33.65
342623.03 365589.08 33.88
342623.03 365499.08 34.39
342623.03 365409.08 37.06
342623.03 365319.08 43.75
342623.03 365229.08 46.17
342623.03 365139.08 41.55
342623.03 365049.08 39.94
342623.03 364959.08 37.96
342623.03 364869.08 39.45
342623.03 364779.08 40.88
342623.03 364689.08 39.51
342623.03 364599.08 38.74
342623.03 364509.08 40.09
342623.03 364419.08 44.45
342623.03 364329.08 49.08
342623.03 364239.08 49.14
342623.03 364149.08 50.35
342623.03 364059.08 51.82
342623.03 363969.08 53.58
342623.03 363879.08 54.09
342623.03 363789.08 55.04
342713.03 366939.08 29.66
342713.03 366849.08 29.91
342713.03 366759.08 30.03
342713.03 366669.08 30.21
342713.03 366579.08 30.52
342713.03 366489.08 30.82
342713.03 366399.08 31.17
342713.03 366309.08 31.66
342713.03 366219.08 31.97
342713.03 366129.08 32.28
342713.03 366039.08 32.81
342713.03 365949.08 33.20
342713.03 365859.08 33.35
342713.03 365769.08 33.62
342713.03 365679.08 34.17
342713.03 365589.08 34.35
342713.03 365499.08 34.75
342713.03 365409.08 35.30
342713.03 365319.08 37.79
342713.03 365229.08 39.75
342713.03 365139.08 37.17
342713.03 365049.08 36.52
342713.03 364959.08 36.85
342713.03 364869.08 37.22
342713.03 364779.08 37.53
342713.03 364689.08 38.12
342713.03 364599.08 39.66
342713.03 364509.08 43.34
342713.03 364419.08 47.90
342713.03 364329.08 51.09
342713.03 364239.08 50.65
342713.03 364149.08 48.84
342803.03 366939.08 29.69
342803.03 366849.08 30.00
342803.03 366759.08 30.13
342803.03 366669.08 30.55
342803.03 366579.08 31.17
342803.03 366489.08 31.38
342803.03 366399.08 31.43
342803.03 366309.08 31.90
342803.03 366219.08 32.37
342803.03 366129.08 32.80
342803.03 366039.08 33.15
342803.03 365949.08 33.26
342803.03 365859.08 33.40
342803.03 365769.08 33.76
342803.03 365679.08 34.43
342803.03 365589.08 34.89
342803.03 365499.08 35.19
342803.03 365409.08 35.58
342803.03 365319.08 35.96
342803.03 365229.08 36.21
342803.03 365139.08 36.42
342803.03 365049.08 36.56
342803.03 364959.08 36.94
342803.03 364869.08 37.53
342803.03 364779.08 38.10
342803.03 364689.08 38.78
342803.03 364599.08 39.99
342803.03 364509.08 42.35
342893.03 366849.08 30.42
342893.03 366759.08 30.86
342893.03 366669.08 31.17
342893.03 366579.08 31.54
342893.03 366489.08 31.58
342893.03 366399.08 31.66
342893.03 366309.08 32.13
342893.03 366219.08 32.60
342893.03 366129.08 32.93
342893.03 366039.08 33.07
342893.03 365949.08 33.16
342893.03 365859.08 33.49
342893.03 365769.08 33.85
342893.03 365679.08 34.48
342893.03 365589.08 35.18
342893.03 365499.08 35.50
342893.03 365409.08 35.77
342893.03 365319.08 36.12
342893.03 365229.08 36.54
342893.03 365139.08 36.76
342893.03 365049.08 36.84
342893.03 364959.08 37.14
342893.03 364869.08 38.94
342893.03 364779.08 40.72
342983.03 366849.08 30.50
342983.03 366759.08 31.50
342983.03 366669.08 32.18
342983.03 366579.08 32.11
342983.03 366489.08 31.76
342983.03 366399.08 31.94
342983.03 366309.08 32.49
342983.03 366219.08 32.91
342983.03 366129.08 33.03
342983.03 366039.08 33.00
342983.03 365949.08 33.23
342983.03 365859.08 33.84
342983.03 365769.08 34.27
342983.03 365679.08 34.79
342983.03 365589.08 35.45
342983.03 365499.08 35.69
342983.03 365409.08 35.97
342983.03 365319.08 36.31
342983.03 365229.08 36.69
342983.03 365139.08 36.99
343073.03 366849.08 30.56
343073.03 366759.08 31.92
343073.03 366669.08 32.51
343073.03 366579.08 32.11
343073.03 366489.08 31.75
343073.03 366399.08 31.93
343073.03 366309.08 32.56
343073.03 366219.08 33.09
343073.03 366129.08 33.23
343073.03 366039.08 33.18
343073.03 365949.08 33.35
343073.03 365859.08 33.99
343073.03 365769.08 34.60
343073.03 365679.08 35.28
343073.03 365589.08 35.98
343073.03 365499.08 36.19
343073.03 365409.08 36.40
343163.03 366759.08 30.95
343163.03 366669.08 31.45
343163.03 366579.08 31.51
343163.03 366489.08 31.88
343163.03 366399.08 32.09
343163.03 366309.08 32.70
343163.03 366219.08 33.70
343163.03 366129.08 33.76
343163.03 366039.08 33.26
343163.03 365949.08 33.51
343163.03 365859.08 34.11
343163.03 365769.08 34.74
343253.03 366669.08 31.33
343253.03 366579.08 31.45
343253.03 366489.08 31.86
343253.03 366399.08 32.25
343253.03 366309.08 32.88
343253.03 366219.08 33.79
343253.03 366129.08 33.70
